0.036708
0.002670
0.002670
0.036186
0.036669
0.002545
0.002545
0.036150
0.036417
0.003489
0.003489
0.040955
0.036370
0.001535
0.001535
0.041574
0.036600
0.001907
0.001907
0.036968
0.036718
0.000905
0.000905
0.040981
0.036871
0.001215
0.001215
0.038542
0.036662
0.002065
0.002065
0.036518
0.037222
0.002109
0.002109
0.036276
0.036644
0.002921
0.002921
0.036582
0.036476
0.002889
0.002889
0.036763
0.036498
0.003016
0.003016
0.037130
0.036570
0.003322
0.003322
0.038101
0.040191
0.003421
0.003421
0.036400
0.038010
-0.000261
-0.000261
0.040673
0.039416
-0.001347
-0.001347
0.040980
0.036931
0.001446
0.001446
0.037616
0.042713
0.008463
0.008463
0.046256
0.040395
0.001753
0.001753
0.036281
0.040566
0.002368
0.002368
0.036163
0.039497
-0.002729
-0.002729
0.045568
0.037490
0.001853
0.001853
0.036463
0.037183
0.001813
0.001813
0.036617
0.040239
0.001101
0.001101
0.036633
0.041308
0.005468
0.005468
0.037987
0.040265
0.005203
0.005203
0.038079
0.038311
0.002513
0.002513
0.036163
0.037316
0.002546
0.002546
0.036171
0.039333
0.002434
0.002434
0.036166
0.036943
0.003479
0.003479
0.038713
0.042101
0.004536
0.004536
0.036916
0.040996
0.004503
0.004503
0.037061
0.036712
0.002825
0.002825
0.036436
0.036588
0.002611
0.002611
0.036228
0.036279
0.002675
0.002675
0.037222
0.036245
0.002538
0.002538
0.036693
0.037699
0.003603
0.003603
0.037086
0.037276
0.003896
0.003896
0.038183
0.036897
0.003156
0.003156
0.036887
0.036509
0.003443
0.003443
0.039833
0.036345
0.002893
0.002893
0.038000
0.037787
0.001569
0.001569
0.036703
0.037133
0.002363
0.002363
0.036189
0.037273
0.002965
0.002965
0.036416
0.037443
0.004814
0.004814
0.040752
0.036287
0.002987
0.002987
0.042164
0.036457
0.002195
0.002195
0.037074
0.036329
0.002183
0.002183
0.037148
0.036403
0.002196
0.002196
0.036651
0.037156
0.003288
0.003288
0.036919
0.037453
0.003865
0.003865
0.037801
0.036269
0.002125
0.002125
0.041773
0.036388
0.001831
0.001831
0.039087
0.042013
0.002476
0.002476
0.036247
0.038183
-0.000911
-0.000911
0.042937
0.036508
0.001829
0.001829
0.038064
0.040182
0.006350
0.006350
0.044097
