1.733465 -3.785393
4.941352 -2.350730
4.461229 -3.141415
5.965687 -2.296786
11.724085 -0.915151
11.665685 3.425602
10.775935 4.799370
7.536943 4.758997
4.602828 3.302998
7.986457 -2.267331
2.625375 -3.761892
3.108988 3.296233
1.620264 4.727015
4.583636 -9.515368
5.943267 4.664406
0.813940 9.582947
-0.580387 9.538457
12.931024 9.830756
2.476193 5.428652
3.194044 4.838636
-7.062134 9.270816
-7.024933 8.106989
2.431509 9.634559
-0.472364 6.535436
-0.384896 4.647009
-0.522346 8.003557
-6.817825 2.299437
-5.182870 9.309740
-2.136982 2.793221
-4.923533 10.513100
-0.785655 2.562632
-4.046020 0.231847
-2.594955 -0.050336
-4.406120 4.690772
-6.330769 3.572878
-3.666344 3.087804
-8.272720 1.050815
-5.600981 0.530338
-1.721733 -6.157034
0.888590 -4.408992
3.669359 -4.340144
11.248483 -3.594206
12.065835 0.635150
11.641885 3.408701
