1673689602.707510
1673689602.736738
1673689602.759457
1673689602.782093
1673689602.804274
1673689602.826976
1673689602.849987
1673689602.874019
1673689602.897107
1673689602.921170
1673689602.943400
1673689602.966332
1673689602.988034
1673689603.010153
1673689603.032573
1673689603.055435
1673689603.079556
1673689603.102731
1673689603.124897
1673689603.147829
1673689603.171015
1673689603.194126
1673689603.216329
1673689603.239734
1673689603.263944
1673689603.285964
1673689603.308143
1673689603.331879
1673689603.354081
1673689603.376296
1673689603.398515
1673689603.422841
1673689603.447626
1673689603.469764
1673689603.492654
1673689603.515795
1673689603.537942
1673689603.560835
1673689603.588096
1673689603.615951
1673689603.639274
1673689603.665770
1673689603.689163
1673689603.721275
1673689603.744499
1673689603.771153
1673689603.799199
1673689603.822468
1673689603.849038
1673689603.872500
1673689603.899111
1673689603.922065
1673689603.948622
1673689603.971004
1673689603.994212
1673689604.021183
1673689604.044356
1673689604.071069
1673689604.105209
1673689604.138100
1673689604.160873
1673689604.187764
1673689604.220716
1673689604.243349
1673689604.265758
1673689604.304352
1673689604.327778
1673689604.354366
1673689604.382114
1673689604.406142
1673689604.438034
1673689604.460827
1673689604.488311
1673689604.515233
1673689604.537785
1673689604.570819
1673689604.604446
1673689604.637570
1673689604.660716
1673689604.687597
1673689604.715700
1673689604.739133
1673689604.771053
1673689604.793676
1673689604.816075
1673689604.839648
1673689604.871767
1673689604.905449
1673689604.938223
1673689604.970836
1673689604.992518
1673689605.016617
1673689605.040519
1673689605.071822
1673689605.105163
1673689605.138116
1673689605.165707
1673689605.188867
1673689605.211344
1673689605.238382
1673689605.265411
1673689605.287755
1673689605.310172
1673689605.332175
1673689605.354684
1673689605.381822
1673689605.404330
1673689605.427127
1673689605.454014
1673689605.476916
1673689605.499685
1673689605.523028
1673689605.548030
1673689605.570531
1673689605.593647
1673689605.619668
1673689605.642898
1673689605.665368
1673689605.688614
1673689605.712103
1673689605.736672
1673689605.759673
1673689605.782585
1673689605.806408
1673689605.832202
1673689605.855213
1673689605.881877
1673689605.905232
1673689605.932191
1673689605.955155
1673689605.981941
1673689606.004879
1673689606.027983
1673689606.053975
1673689606.076888
1673689606.103847
1673689606.127132
1673689606.150008
1673689606.173632
1673689606.198568
1673689606.221972
1673689606.244691
1673689606.271243
1673689606.293788
1673689606.316099
1673689606.339300
1673689606.365898
1673689606.389272
1673689606.416208
1673689606.439228
1673689606.465922
1673689606.489258
1673689606.516200
1673689606.539187
1673689606.565810
1673689606.589215
1673689606.616194
1673689606.639181
1673689606.665807
1673689606.689107
1673689606.716180
1673689606.739155
1673689606.765821
1673689606.789087
1673689606.816178
1673689606.840269
1673689606.865792
1673689606.889144
1673689606.916071
1673689606.940161
1673689606.965621
1673689606.987663
1673689607.010185
1673689607.037868
1673689607.060793
1673689607.087819
1673689607.110907
1673689607.137736
1673689607.160807
1673689607.187672
1673689607.210860
1673689607.237783
1673689607.260734
1673689607.287626
1673689607.315843
1673689607.338985
1673689607.365749
1673689607.388945
1673689607.415671
1673689607.438891
1673689607.465460
1673689607.487646
1673689607.510915
1673689607.537559
1673689607.560618
1673689607.583502
1673689607.606736
1673689607.632315
1673689607.655457
1673689607.682178
1673689607.706693
1673689607.732618
1673689607.755492
1673689607.786969
1673689607.809876
1673689607.832220
1673689607.855428
1673689607.882003
1673689607.904186
1673689607.926734
1673689607.949677
1673689607.973075
1673689607.998699
1673689608.022121
1673689608.048728
1673689608.072910
1673689608.098871
1673689608.122264
1673689608.148625
1673689608.173142
1673689608.197824
1673689608.236715
1673689608.269613
1673689608.303072
1673689608.336573
1673689608.359588
1673689608.383451
1673689608.406566
1673689608.429296
1673689608.451355
1673689608.472878
1673689608.495510
1673689608.518795
1673689608.541848
1673689608.564495
1673689608.586719
1673689608.609195
1673689608.632344
1673689608.656383
1673689608.678833
1673689608.701383
1673689608.723639
1673689608.747589
1673689608.770009
1673689608.792359
1673689608.815618
1673689608.851303
1673689608.884210
1673689608.917358
1673689608.951216
1673689608.983886
1673689609.017686
1673689609.051006
1673689609.086273
1673689609.118849
1673689609.151625
1673689609.186015
1673689609.218794
1673689609.251640
1673689609.285756
1673689609.318628
1673689609.351707
1673689609.385641
1673689609.419694
1673689609.452201
1673689609.485593
1673689609.513233
1673689609.536139
1673689609.569818
1673689609.602952
1673689609.635657
1673689609.670258
1673689609.702886
1673689609.736455
1673689609.770418
1673689609.803344
1673689609.836707
1673689609.869936
1673689609.902599
1673689609.936736
1673689609.969630
1673689610.002389
1673689610.030396
1673689610.052344
1673689610.074948
1673689610.097005
1673689610.119323
1673689610.141427
1673689610.163828
1673689610.187035
1673689610.210089
1673689610.232842
1673689610.256932
1673689610.280284
1673689610.302239
1673689610.325666
1673689610.348687
1673689610.371647
1673689610.393910
1673689610.418870
1673689610.441056
1673689610.463924
1673689610.486598
1673689610.510264
1673689610.532789
1673689610.555494
1673689610.578492
1673689610.603251
1673689610.626620
1673689610.649106
1673689610.672605
1673689610.698063
1673689610.721118
1673689610.744332
1673689610.769838
1673689610.792635
1673689610.815116
1673689610.837384
1673689610.860695
1673689610.883484
1673689610.906527
1673689610.931178
1673689610.954651
1673689610.977712
1673689611.002086
1673689611.024167
1673689611.047898
1673689611.071114
1673689611.094013
1673689611.116680
1673689611.140320
1673689611.162043
1673689611.183914
1673689611.206431
1673689611.228929
1673689611.252256
1673689611.275254
1673689611.298402
1673689611.322074
1673689611.344751
1673689611.368106
1673689611.392002
1673689611.415107
1673689611.437486
1673689611.459985
1673689611.483318
1673689611.506429
1673689611.528872
1673689611.551537
1673689611.574844
1673689611.596908
1673689611.620387
1673689611.643242
1673689611.667969
1673689611.690592
1673689611.714476
1673689611.737790
1673689611.761579
1673689611.784657
1673689611.807294
1673689611.829427
1673689611.852224
1673689611.874907
1673689611.897090
1673689611.920358
1673689611.943121
1673689611.965654
1673689611.987364
1673689612.012998
1673689612.035141
1673689612.057222
1673689612.079916
1673689612.103058
1673689612.125958
1673689612.148894
1673689612.171874
1673689612.195239
1673689612.218194
1673689612.240439
1673689612.263066
1673689612.286119
1673689612.308089
1673689612.330645
1673689612.354363
1673689612.376939
1673689612.399597
1673689612.421701
1673689612.445122
1673689612.469214
1673689612.491237
1673689612.513889
1673689612.537208
1673689612.560572
1673689612.583197
1673689612.606251
1673689612.630733
1673689612.654065
1673689612.677189
1673689612.699753
1673689612.724118
1673689612.747326
1673689612.770451
1673689612.792541
1673689612.816164
1673689612.838351
1673689612.860598
1673689612.885942
1673689612.909046
1673689612.931763
1673689612.955263
1673689612.979811
1673689613.002149
1673689613.024834
1673689613.048000
1673689613.071747
1673689613.095057
1673689613.118150
1673689613.141066
1673689613.164550
1673689613.187441
1673689613.210398
1673689613.232662
1673689613.255805
1673689613.279695
1673689613.302758
1673689613.325600
1673689613.348701
1673689613.371627
1673689613.393989
1673689613.416983
1673689613.440682
1673689613.463653
1673689613.486185
1673689613.509445
1673689613.534810
1673689613.557247
1673689613.580464
1673689613.603764
1673689613.625947
1673689613.651264
1673689613.674570
1673689613.697946
1673689613.720621
1673689613.743668
1673689613.765984
1673689613.790381
1673689613.812856
1673689613.835414
1673689613.858574
1673689613.881152
1673689613.903966
1673689613.926638
1673689613.950138
1673689613.973064
1673689613.996865
1673689614.019515
1673689614.051351
1673689614.073918
1673689614.096121
1673689614.118670
1673689614.141893
1673689614.168400
1673689614.190771
1673689614.213210
1673689614.235373
1673689614.258446
1673689614.281046
1673689614.304276
1673689614.328842
1673689614.352306
1673689614.374886
1673689614.397412
1673689614.421510
1673689614.444668
1673689614.467906
1673689614.490887
1673689614.513759
1673689614.536880
1673689614.559870
1673689614.582596
1673689614.605588
1673689614.629046
1673689614.652400
1673689614.676143
1673689614.699292
1673689614.722350
1673689614.746798
1673689614.769942
1673689614.792894
1673689614.815669
1673689614.837614
1673689614.860689
1673689614.882818
1673689614.905603
1673689614.928810
1673689614.952129
1673689614.974075
1673689614.996833
1673689615.020998
1673689615.044001
1673689615.066423
1673689615.089975
1673689615.112565
1673689615.135566
1673689615.158246
1673689615.180728
1673689615.203562
1673689615.226295
1673689615.249337
1673689615.271894
1673689615.295970
1673689615.318914
1673689615.342044
1673689615.364661
1673689615.387599
1673689615.410647
1673689615.432989
1673689615.456475
1673689615.480240
1673689615.503428
1673689615.526603
1673689615.550677
1673689615.572715
1673689615.595684
1673689615.618676
1673689615.641509
1673689615.664451
1673689615.686487
1673689615.708738
1673689615.732069
1673689615.754130
1673689615.776374
1673689615.798864
1673689615.822957
1673689615.846129
1673689615.868162
1673689615.890273
1673689615.914138
1673689615.936525
1673689615.959545
1673689615.982208
1673689616.005977
1673689616.029158
1673689616.051489
1673689616.074391
1673689616.096328
1673689616.119323
1673689616.142489
1673689616.166017
1673689616.188351
1673689616.211297
1673689616.234697
1673689616.257309
1673689616.278967
1673689616.301530
1673689616.323349
1673689616.345628
1673689616.368220
1673689616.390263
1673689616.412698
1673689616.436010
1673689616.458920
1673689616.481781
1673689616.504661
1673689616.527285
1673689616.550313
1673689616.572679
1673689616.596131
1673689616.618505
1673689616.641304
1673689616.663929
1673689616.687156
1673689616.709475
1673689616.731945
1673689616.754219
1673689616.777061
1673689616.799093
1673689616.822484
1673689616.844908
1673689616.867973
1673689616.890168
1673689616.912601
1673689616.935792
1673689616.959985
1673689616.983012
1673689617.006298
1673689617.028867
1673689617.051238
1673689617.073112
1673689617.095847
1673689617.119130
1673689617.141910
1673689617.164658
1673689617.186858
1673689617.210560
1673689617.232620
1673689617.255570
1673689617.278207
1673689617.301606
1673689617.324168
1673689617.347095
1673689617.369176
1673689617.391711
1673689617.414731
1673689617.436745
1673689617.459288
1673689617.481792
1673689617.503612
1673689617.525692
1673689617.548882
1673689617.571569
1673689617.594320
1673689617.616771
1673689617.640716
1673689617.663554
1673689617.685641
1673689617.707457
1673689617.730532
1673689617.753266
1673689617.776114
1673689617.799117
1673689617.823539
1673689617.845858
1673689617.867916
1673689617.890632
1673689617.913554
1673689617.936769
1673689617.958876
1673689617.981389
1673689618.005447
1673689618.028145
1673689618.051254
1673689618.074009
1673689618.096642
1673689618.118751
1673689618.140684
1673689618.163193
1673689618.185302
1673689618.207344
1673689618.229889
1673689618.253186
1673689618.275962
1673689618.298865
1673689618.321439
1673689618.345190
1673689618.367642
1673689618.390394
1673689618.412501
1673689618.435428
1673689618.458097
1673689618.480728
1673689618.503292
1673689618.525675
1673689618.547784
1673689618.569600
1673689618.592093
1673689618.614555
1673689618.636546
1673689618.658617
1673689618.683272
1673689618.706609
1673689618.728547
1673689618.751873
1673689618.774828
1673689618.797576
1673689618.819725
1673689618.841806
1673689618.864364
1673689618.886389
1673689618.909334
1673689618.931854
1673689618.956225
1673689618.978497
1673689619.000389
1673689619.023843
1673689619.047422
1673689619.070745
1673689619.092719
1673689619.115686
1673689619.139242
1673689619.162068
1673689619.183861
1673689619.207892
1673689619.231134
1673689619.254102
1673689619.276793
1673689619.299508
1673689619.322666
1673689619.345370
1673689619.367522
1673689619.391141
1673689619.413982
1673689619.436450
1673689619.459382
1673689619.481904
1673689619.504973
1673689619.527438
1673689619.549677
1673689619.572606
1673689619.595705
1673689619.618424
1673689619.641577
1673689619.663903
1673689619.686206
1673689619.708534
1673689619.731851
1673689619.754593
1673689619.777746
1673689619.799585
1673689619.823781
1673689619.846650
1673689619.869602
1673689619.891789
1673689619.914461
1673689619.937207
1673689619.959649
1673689619.981790
1673689620.004905
1673689620.026747
1673689620.049605
1673689620.071918
1673689620.095922
1673689620.117669
1673689620.140383
1673689620.163815
1673689620.186460
1673689620.208377
1673689620.231629
1673689620.254565
1673689620.277429
1673689620.300544
1673689620.323514
1673689620.346536
1673689620.369423
1673689620.391776
1673689620.414995
1673689620.438436
1673689620.460734
1673689620.482637
1673689620.505143
1673689620.528551
1673689620.551576
1673689620.574605
1673689620.597140
1673689620.619980
1673689620.642779
1673689620.664938
1673689620.688302
1673689620.710930
1673689620.733563
1673689620.756162
1673689620.779031
1673689620.801391
1673689620.824469
1673689620.846347
1673689620.869511
1673689620.891425
1673689620.913970
1673689620.936359
1673689620.959670
1673689620.982757
1673689621.005208
1673689621.028036
1673689621.051435
1673689621.072954
1673689621.095553
1673689621.118275
1673689621.140804
1673689621.162792
1673689621.184738
1673689621.207908
1673689621.230253
1673689621.253091
1673689621.275308
1673689621.297964
1673689621.320598
1673689621.342709
1673689621.365188
1673689621.387676
1673689621.410367
1673689621.432358
1673689621.455055
1673689621.479169
1673689621.502459
1673689621.524114
1673689621.546972
1673689621.570397
1673689621.592398
1673689621.615676
1673689621.638919
1673689621.661436
1673689621.683837
1673689621.706425
1673689621.729030
1673689621.751451
1673689621.774092
1673689621.795932
1673689621.820160
1673689621.842571
1673689621.864687
1673689621.887432
1673689621.910457
1673689621.933251
1673689621.956275
1673689621.979171
1673689622.002075
1673689622.024070
1673689622.046159
1673689622.068111
1673689622.090769
1673689622.112626
1673689622.135020
1673689622.161867
1673689622.184664
1673689622.206623
1673689622.229189
1673689622.252284
1673689622.273857
1673689622.296293
1673689622.317698
1673689622.342923
1673689622.365570
1673689622.387602
1673689622.410133
1673689622.432526
1673689622.455127
1673689622.477526
1673689622.499917
1673689622.523578
1673689622.546485
1673689622.568774
1673689622.591347
1673689622.614865
1673689622.638085
1673689622.663086
1673689622.686156
1673689622.709067
1673689622.730823
1673689622.753700
1673689622.776805
1673689622.799290
1673689622.823033
1673689622.845008
1673689622.867919
1673689622.890160
1673689622.912655
1673689622.934675
1673689622.957270
1673689622.979403
1673689623.000886
1673689623.022730
1673689623.045340
1673689623.067196
1673689623.089938
1673689623.112032
1673689623.138250
1673689623.160798
1673689623.182953
1673689623.207089
1673689623.229014
1673689623.250787
1673689623.273188
1673689623.296641
1673689623.318455
1673689623.340704
1673689623.363464
1673689623.386281
1673689623.408657
1673689623.430912
1673689623.452912
1673689623.476580
1673689623.499494
1673689623.521468
1673689623.543996
1673689623.567192
1673689623.589588
1673689623.611313
1673689623.633761
1673689623.656152
1673689623.678414
1673689623.700927
1673689623.723761
1673689623.745766
1673689623.768159
1673689623.790426
1673689623.812883
1673689623.835022
1673689623.857280
1673689623.879313
1673689623.902409
1673689623.925278
1673689623.947320
1673689623.970073
1673689623.993000
1673689624.015053
1673689624.037217
1673689624.059355
1673689624.081800
1673689624.104695
1673689624.127707
1673689624.150258
1673689624.173194
1673689624.195389
1673689624.218405
1673689624.242221
1673689624.264127
1673689624.287256
1673689624.310413
1673689624.333904
1673689624.356212
1673689624.378433
1673689624.400300
1673689624.423731
1673689624.446023
1673689624.468246
1673689624.490900
1673689624.513755
1673689624.536831
1673689624.558861
1673689624.580669
1673689624.605126
1673689624.628168
1673689624.650434
1673689624.673524
1673689624.696055
1673689624.718064
1673689624.740043
1673689624.762543
1673689624.784834
1673689624.806667
1673689624.828683
1673689624.852350
1673689624.874924
1673689624.896822
1673689624.919102
1673689624.942822
1673689624.965840
1673689624.988105
1673689625.010723
1673689625.033280
1673689625.055604
1673689625.077717
1673689625.100119
1673689625.123812
1673689625.145977
1673689625.168127
1673689625.190441
1673689625.212493
1673689625.234855
1673689625.257004
1673689625.280091
1673689625.302506
1673689625.325122
1673689625.347767
1673689625.370433
1673689625.392490
1673689625.415156
1673689625.438402
1673689625.461657
1673689625.484337
1673689625.506990
1673689625.528919
1673689625.552219
1673689625.574874
1673689625.597746
1673689625.620860
1673689625.644681
1673689625.667994
1673689625.691065
1673689625.714283
1673689625.737574
1673689625.760685
1673689625.784278
1673689625.807870
1673689625.830888
1673689625.854188
1673689625.875943
1673689625.898594
1673689625.921799
1673689625.944679
1673689625.968151
1673689625.992321
1673689626.014544
1673689626.038247
1673689626.061462
1673689626.084307
1673689626.107176
1673689626.129442
1673689626.152099
1673689626.175095
1673689626.197696
1673689626.220710
1673689626.244462
1673689626.267740
1673689626.290560
1673689626.312644
1673689626.335962
1673689626.358912
1673689626.381613
1673689626.404711
1673689626.427870
1673689626.451183
1673689626.476371
1673689626.499437
1673689626.523457
1673689626.545807
1673689626.568693
1673689626.590769
1673689626.613968
1673689626.637037
1673689626.660039
1673689626.681881
1673689626.706295
1673689626.728660
1673689626.751027
1673689626.774142
1673689626.796701
1673689626.820075
1673689626.843018
1673689626.866270
1673689626.889183
1673689626.912291
1673689626.934377
1673689626.957319
1673689626.979768
1673689627.002470
1673689627.025234
1673689627.048063
1673689627.071437
1673689627.094337
1673689627.117104
1673689627.140716
1673689627.163057
1673689627.185644
1673689627.207572
1673689627.230476
1673689627.252756
1673689627.275494
1673689627.298498
1673689627.321758
1673689627.344278
1673689627.367412
1673689627.391957
1673689627.413980
1673689627.436277
1673689627.459172
1673689627.482649
1673689627.505852
1673689627.528650
1673689627.551690
1673689627.574958
1673689627.596873
1673689627.619035
1673689627.641735
1673689627.665051
1673689627.688349
1673689627.711064
1673689627.733696
1673689627.757598
1673689627.779589
1673689627.802451
1673689627.825190
1673689627.847230
1673689627.869532
1673689627.892225
1673689627.914752
1673689627.938037
1673689627.960552
1673689627.983903
1673689628.007792
1673689628.029948
1673689628.052197
1673689628.074672
1673689628.097706
1673689628.120756
1673689628.142808
1673689628.165963
1673689628.188685
1673689628.211125
1673689628.233713
1673689628.256250
1673689628.279768
1673689628.301852
1673689628.324297
1673689628.347449
1673689628.368978
1673689628.391672
1673689628.413740
1673689628.437054
1673689628.459687
1673689628.481454
1673689628.504037
1673689628.527306
1673689628.550133
1673689628.572447
1673689628.594357
1673689628.616929
1673689628.639756
1673689628.662568
1673689628.684897
1673689628.708029
1673689628.730224
1673689628.752685
1673689628.776501
1673689628.799434
1673689628.822455
1673689628.844665
1673689628.868258
1673689628.890896
1673689628.912814
1673689628.935029
1673689628.958044
1673689628.980027
1673689629.002465
1673689629.025016
1673689629.047852
1673689629.071179
1673689629.094221
1673689629.116704
1673689629.140573
1673689629.162669
1673689629.185451
1673689629.207653
1673689629.230064
1673689629.252457
1673689629.274985
1673689629.297387
1673689629.319858
1673689629.341820
1673689629.364635
1673689629.388374
1673689629.411778
1673689629.434532
1673689629.456929
1673689629.479898
1673689629.502378
1673689629.524932
1673689629.546810
1673689629.569724
1673689629.591956
1673689629.614481
1673689629.637751
1673689629.660340
1673689629.683453
1673689629.706716
1673689629.728842
1673689629.751985
1673689629.774602
1673689629.796734
1673689629.819963
1673689629.842727
1673689629.865347
1673689629.888622
1673689629.911525
1673689629.934459
1673689629.956774
1673689629.978849
1673689630.002237
1673689630.024534
1673689630.046567
1673689630.068890
1673689630.091888
1673689630.113310
1673689630.135653
1673689630.157904
1673689630.181264
1673689630.203582
1673689630.226734
1673689630.249668
1673689630.275464
1673689630.297631
1673689630.320711
1673689630.343320
1673689630.365264
1673689630.387589
1673689630.409213
1673689630.431716
1673689630.453978
1673689630.476683
1673689630.498586
1673689630.522876
1673689630.545198
1673689630.567983
1673689630.590477
1673689630.613710
1673689630.635836
1673689630.657626
1673689630.679706
1673689630.701715
1673689630.724161
1673689630.745817
1673689630.767486
1673689630.789878
1673689630.811767
1673689630.834490
1673689630.858295
1673689630.880744
1673689630.903159
1673689630.925446
1673689630.948308
1673689630.971303
1673689630.994483
1673689631.016074
1673689631.038638
1673689631.060487
1673689631.083395
1673689631.105829
1673689631.128702
1673689631.150938
1673689631.173262
1673689631.195397
1673689631.218596
1673689631.242563
1673689631.264679
1673689631.286847
1673689631.309864
1673689631.331797
1673689631.354342
1673689631.377767
1673689631.399538
1673689631.423383
1673689631.445954
1673689631.468694
1673689631.491320
1673689631.513621
1673689631.535644
1673689631.559742
1673689631.582809
1673689631.605652
1673689631.628555
1673689631.651367
1673689631.674442
1673689631.696148
1673689631.718342
1673689631.740830
1673689631.762878
1673689631.785092
1673689631.807647
1673689631.830632
1673689631.851924
1673689631.874154
1673689631.897105
1673689631.919589
1673689631.942098
1673689631.963789
1673689631.987921
1673689632.011098
1673689632.032562
1673689632.055358
1673689632.078002
1673689632.099571
1673689632.122261
1673689632.146238
1673689632.168053
1673689632.190827
1673689632.212595
1673689632.234743
1673689632.257016
1673689632.278960
1673689632.301157
1673689632.323418
1673689632.346537
1673689632.368680
1673689632.390964
1673689632.412899
1673689632.435226
1673689632.457379
1673689632.479547
1673689632.502371
1673689632.524595
1673689632.546885
1673689632.569245
1673689632.592668
1673689632.614788
1673689632.637823
1673689632.660297
1673689632.683440
1673689632.706469
1673689632.728371
1673689632.750462
1673689632.773023
1673689632.795235
1673689632.817721
1673689632.840221
1673689632.862312
1673689632.884069
1673689632.906812
1673689632.929871
1673689632.951724
1673689632.973980
1673689632.995829
1673689633.018830
1673689633.041517
1673689633.064519
1673689633.086608
1673689633.109651
1673689633.132452
1673689633.155085
1673689633.177776
1673689633.200534
1673689633.222871
1673689633.244594
1673689633.266433
1673689633.289710
1673689633.311596
1673689633.334106
1673689633.356603
1673689633.378726
1673689633.400949
1673689633.423360
1673689633.446381
1673689633.468574
1673689633.490934
1673689633.513528
1673689633.535915
1673689633.558756
1673689633.580957
1673689633.603714
1673689633.626961
1673689633.649609
1673689633.671969
1673689633.695015
1673689633.718185
1673689633.740389
1673689633.762419
1673689633.784780
1673689633.807724
1673689633.829924
1673689633.851794
1673689633.874356
1673689633.896225
1673689633.918718
1673689633.940816
1673689633.963199
1673689633.985457
1673689634.007743
1673689634.029941
1673689634.053609
1673689634.075828
1673689634.097697
1673689634.119597
1673689634.141822
1673689634.163081
1673689634.185033
1673689634.207470
1673689634.230860
1673689634.252689
1673689634.275686
1673689634.297813
1673689634.320992
1673689634.343581
1673689634.365345
1673689634.388448
1673689634.411318
1673689634.434243
1673689634.456022
1673689634.479088
1673689634.501122
1673689634.523568
1673689634.545544
1673689634.567976
1673689634.590403
1673689634.612329
1673689634.634676
1673689634.658821
1673689634.680825
1673689634.703828
1673689634.726817
1673689634.749352
1673689634.771938
1673689634.794241
1673689634.816144
1673689634.839369
1673689634.862107
1673689634.883607
1673689634.906749
1673689634.928516
1673689634.950901
1673689634.973092
1673689634.997434
1673689635.020287
1673689635.042338
1673689635.064084
1673689635.087464
1673689635.110054
1673689635.131808
1673689635.154428
1673689635.177287
1673689635.199388
1673689635.221023
1673689635.243115
1673689635.265994
1673689635.288576
1673689635.310010
1673689635.331609
1673689635.355182
1673689635.377292
1673689635.399196
1673689635.422491
1673689635.444873
1673689635.467458
1673689635.490307
1673689635.513019
1673689635.534895
1673689635.556636
1673689635.578395
1673689635.601480
1673689635.623352
1673689635.644384
1673689635.666669
1673689635.690462
1673689635.711907
1673689635.733752
1673689635.756070
1673689635.779466
1673689635.801526
1673689635.824106
1673689635.846395
1673689635.870170
1673689635.892550
1673689635.914860
1673689635.937124
1673689635.958443
1673689635.980942
1673689636.003317
1673689636.026753
1673689636.048254
1673689636.070304
1673689636.092713
1673689636.115143
1673689636.137316
1673689636.159412
1673689636.181671
1673689636.204767
1673689636.227365
1673689636.249347
1673689636.271604
1673689636.293998
1673689636.316117
1673689636.337678
1673689636.359904
1673689636.383216
1673689636.405221
1673689636.426809
1673689636.449331
1673689636.471806
1673689636.493889
1673689636.516007
1673689636.539371
1673689636.561171
1673689636.583961
1673689636.606816
1673689636.628398
1673689636.650781
1673689636.672740
1673689636.694805
1673689636.718356
1673689636.740608
1673689636.762759
1673689636.784723
1673689636.807401
1673689636.829765
1673689636.852031
1673689636.874303
1673689636.896863
1673689636.918750
1673689636.940761
1673689636.963791
1673689636.985840
1673689637.008194
1673689637.029790
1673689637.052710
1673689637.075077
1673689637.096931
1673689637.119732
1673689637.142490
1673689637.164645
1673689637.187280
1673689637.209636
1673689637.232612
1673689637.254996
1673689637.277027
1673689637.298902
1673689637.322226
1673689637.344063
1673689637.365684
1673689637.389349
1673689637.412274
1673689637.434524
1673689637.457228
1673689637.480145
1673689637.502439
1673689637.525039
1673689637.548030
1673689637.571267
1673689637.593899
1673689637.615802
1673689637.638028
1673689637.661329
1673689637.683319
1673689637.705081
1673689637.726615
1673689637.749600
1673689637.771887
1673689637.795066
1673689637.817252
1673689637.840612
1673689637.863181
1673689637.885210
1673689637.907836
1673689637.930268
1673689637.953124
1673689637.976060
1673689637.998813
1673689638.021400
1673689638.044002
1673689638.065996
1673689638.089172
1673689638.110612
1673689638.132505
1673689638.155056
1673689638.178214
1673689638.200549
1673689638.222956
1673689638.245079
1673689638.267728
1673689638.290017
1673689638.312028
1673689638.334524
1673689638.357773
1673689638.379783
1673689638.402066
1673689638.425752
1673689638.447731
1673689638.469806
1673689638.492035
1673689638.514278
1673689638.537251
1673689638.560042
1673689638.581555
1673689638.605010
1673689638.627062
1673689638.650176
1673689638.672403
1673689638.695344
1673689638.717338
1673689638.739770
1673689638.761366
1673689638.784299
1673689638.806422
1673689638.828115
1673689638.850415
1673689638.872980
1673689638.894836
1673689638.916648
1673689638.939435
1673689638.960805
1673689638.983136
1673689639.004914
1673689639.027327
1673689639.049850
1673689639.071880
1673689639.093689
1673689639.116875
1673689639.138952
1673689639.160687
1673689639.183138
1673689639.205601
1673689639.227932
1673689639.249692
1673689639.271626
1673689639.294512
1673689639.316267
1673689639.338890
1673689639.360675
1673689639.383711
1673689639.406376
1673689639.428146
1673689639.451434
1673689639.473692
1673689639.495062
1673689639.516659
1673689639.539146
1673689639.561462
1673689639.583872
1673689639.605151
1673689639.627929
1673689639.649666
1673689639.671842
1673689639.694793
1673689639.717758
1673689639.739683
1673689639.761425
1673689639.783019
1673689639.805274
1673689639.827457
1673689639.849159
1673689639.870878
1673689639.893696
1673689639.916132
1673689639.938627
1673689639.961298
1673689639.983074
1673689640.004735
1673689640.026743
1673689640.048693
1673689640.070846
1673689640.092668
1673689640.114812
1673689640.138370
1673689640.160332
1673689640.182058
1673689640.204009
1673689640.227252
1673689640.249096
1673689640.271353
1673689640.293950
1673689640.315785
1673689640.338371
1673689640.360939
1673689640.382620
1673689640.404652
1673689640.427528
1673689640.449071
1673689640.472488
1673689640.493883
1673689640.516631
1673689640.539169
1673689640.561238
1673689640.582908
1673689640.605009
1673689640.627170
1673689640.649432
1673689640.671601
1673689640.694124
1673689640.715513
1673689640.737543
1673689640.759515
1673689640.781196
1673689640.803446
1673689640.827248
1673689640.849947
1673689640.871778
1673689640.894287
1673689640.915542
1673689640.938016
1673689640.960507
1673689640.983169
1673689641.005026
1673689641.027474
1673689641.049689
1673689641.072316
1673689641.094211
1673689641.115735
1673689641.137729
1673689641.160561
1673689641.183465
1673689641.205209
1673689641.227970
1673689641.250434
1673689641.272624
1673689641.294769
1673689641.316624
1673689641.339629
1673689641.360952
1673689641.383219
1673689641.405394
1673689641.427478
1673689641.449205
1673689641.471895
1673689641.493951
1673689641.516467
1673689641.539441
1673689641.562206
1673689641.584709
1673689641.607065
1673689641.629163
1673689641.651274
1673689641.673681
1673689641.695746
1673689641.717680
1673689641.740306
1673689641.763666
1673689641.785678
1673689641.808033
1673689641.830160
1673689641.854405
1673689641.877321
1673689641.900044
1673689641.922270
1673689641.944569
1673689641.966458
1673689641.988804
1673689642.010979
1673689642.033690
1673689642.055413
1673689642.078062
1673689642.101006
1673689642.123540
1673689642.145936
1673689642.167844
1673689642.191363
1673689642.213560
1673689642.236087
1673689642.258704
1673689642.281374
1673689642.303945
1673689642.326933
1673689642.349828
1673689642.372840
1673689642.394280
1673689642.417102
1673689642.439730
1673689642.461231
1673689642.483202
1673689642.505359
1673689642.527786
1673689642.550555
1673689642.572229
1673689642.594229
1673689642.617542
1673689642.639515
1673689642.660846
1673689642.682622
1673689642.705053
1673689642.727103
1673689642.748995
1673689642.771683
1673689642.794019
1673689642.815703
1673689642.838530
1673689642.860646
1673689642.883443
1673689642.905210
1673689642.927678
1673689642.950504
1673689642.972376
1673689642.994352
1673689643.015759
1673689643.039015
1673689643.061160
1673689643.083014
1673689643.105006
1673689643.127993
1673689643.150438
1673689643.172794
1673689643.194831
1673689643.218383
1673689643.240103
1673689643.261155
1673689643.283716
1673689643.306499
1673689643.328540
1673689643.350454
1673689643.371958
1673689643.394307
1673689643.416161
1673689643.438472
1673689643.460680
1673689643.482722
1673689643.504519
1673689643.526721
1673689643.549831
1673689643.572022
1673689643.594989
1673689643.617198
1673689643.639442
1673689643.661542
1673689643.683926
1673689643.705622
1673689643.727707
1673689643.749528
1673689643.772158
1673689643.794389
1673689643.816282
1673689643.838490
1673689643.860558
1673689643.883016
1673689643.906234
1673689643.928146
1673689643.950812
1673689643.973802
1673689643.995317
1673689644.017154
1673689644.038583
1673689644.061706
1673689644.083686
1673689644.105793
1673689644.127930
1673689644.150305
1673689644.172150
1673689644.194282
1673689644.216239
1673689644.240054
1673689644.262099
1673689644.284237
1673689644.306350
1673689644.329590
1673689644.351432
1673689644.374268
1673689644.396180
1673689644.419237
1673689644.442039
1673689644.463906
1673689644.486837
1673689644.508604
1673689644.530500
1673689644.552809
1673689644.576386
1673689644.598300
1673689644.620516
1673689644.642336
1673689644.664361
1673689644.687075
1673689644.708841
1673689644.730533
1673689644.753028
1673689644.775304
1673689644.797271
1673689644.819762
1673689644.843038
1673689644.865001
1673689644.887950
1673689644.910358
1673689644.932569
1673689644.954542
1673689644.976677
1673689644.999110
1673689645.021417
1673689645.043511
1673689645.065553
1673689645.088096
1673689645.110183
1673689645.131741
1673689645.154668
1673689645.177682
1673689645.200564
1673689645.222512
1673689645.244823
1673689645.267098
1673689645.289095
1673689645.311568
1673689645.332931
1673689645.355307
1673689645.377695
1673689645.400222
1673689645.422762
1673689645.445162
1673689645.467139
1673689645.488640
1673689645.513336
1673689645.534867
1673689645.556779
1673689645.578331
1673689645.601072
1673689645.623114
1673689645.644997
1673689645.667321
1673689645.691039
1673689645.722711
1673689645.744822
1673689645.766858
1673689645.790040
1673689645.822835
1673689645.859469
1673689645.892866
1673689645.925755
1673689645.959428
1673689645.992835
1673689646.026067
1673689646.059445
1673689646.092870
1673689646.125932
1673689646.159441
1673689646.192898
1673689646.226099
1673689646.259505
1673689646.292878
1673689646.326168
1673689646.359538
1673689646.392927
1673689646.426087
1673689646.460363
1673689646.493771
1673689646.526925
1673689646.560352
1673689646.593671
1673689646.626889
1673689646.660238
1673689646.693610
1673689646.726755
1673689646.760364
1673689646.793699
1673689646.826827
1673689646.860354
1673689646.893646
1673689646.926834
1673689646.960371
1673689646.993658
1673689647.026842
1673689647.060299
1673689647.093615
1673689647.126802
1673689647.160268
1673689647.193594
1673689647.226782
1673689647.260230
1673689647.293570
1673689647.326782
1673689647.360207
1673689647.393570
1673689647.426672
1673689647.460202
1673689647.493829
1673689647.526614
1673689647.560050
1673689647.594023
1673689647.626608
1673689647.660115
1673689647.693470
1673689647.726566
1673689647.760093
1673689647.793602
1673689647.826540
1673689647.860121
1673689647.893496
1673689647.927114
1673689647.959936
1673689647.993321
1673689648.026507
1673689648.060212
1673689648.093468
1673689648.132951
1673689648.154478
1673689648.177054
1673689648.199883
1673689648.222506
1673689648.245051
1673689648.267997
1673689648.289958
1673689648.312176
1673689648.334749
1673689648.358680
1673689648.380467
1673689648.403092
1673689648.425461
1673689648.448274
1673689648.470019
1673689648.491955
1673689648.513843
1673689648.536841
1673689648.558185
1673689648.580268
1673689648.602829
1673689648.625848
1673689648.647462
1673689648.670127
1673689648.691981
1673689648.715199
1673689648.737633
1673689648.759832
1673689648.782550
1673689648.804291
1673689648.826300
1673689648.847834
1673689648.870513
1673689648.892614
1673689648.914735
1673689648.936754
1673689648.959255
1673689648.982118
1673689649.004745
1673689649.026233
1673689649.048623
1673689649.070646
1673689649.093010
1673689649.115073
1673689649.137969
1673689649.160385
1673689649.182512
1673689649.204463
1673689649.226932
1673689649.248653
1673689649.270540
1673689649.292787
1673689649.314649
1673689649.337056
1673689649.359167
1673689649.382411
1673689649.404182
1673689649.426587
1673689649.448258
1673689649.472105
1673689649.494451
1673689649.516758
1673689649.538673
1673689649.560712
1673689649.582548
1673689649.604304
1673689649.626650
1673689649.649695
1673689649.671773
1673689649.693124
1673689649.715876
1673689649.737723
1673689649.759279
1673689649.781161
1673689649.803986
1673689649.826434
1673689649.848354
1673689649.870773
1673689649.893085
1673689649.914982
1673689649.937716
1673689649.959342
1673689649.982300
1673689650.004484
1673689650.026557
1673689650.048035
1673689650.069650
1673689650.091308
1673689650.113086
1673689650.135104
1673689650.157694
1673689650.179368
1673689650.200849
1673689650.223755
1673689650.245687
1673689650.267364
1673689650.290105
1673689650.323173
1673689650.356553
1673689650.389973
1673689650.423145
1673689650.450257
1673689650.473248
1673689650.506470
1673689650.541875
1673689650.575224
1673689650.608644
1673689650.641916
1673689650.675266
1673689650.708562
1673689650.741860
1673689650.775658
1673689650.807355
1673689650.841583
1673689650.875122
1673689650.908682
1673689650.941839
1673689650.974908
1673689651.008627
1673689651.041848
1673689651.076130
1673689651.109282
1673689651.142598
1673689651.176078
1673689651.209340
1673689651.242589
1673689651.276038
1673689651.308567
1673689651.341790
1673689651.374909
1673689651.408544
1673689651.442634
1673689651.475970
1673689651.509378
1673689651.542538
1673689651.575982
1673689651.609280
1673689651.642473
1673689651.675933
1673689651.709366
1673689651.742447
1673689651.775894
1673689651.809335
1673689651.842396
1673689651.875848
1673689651.909328
1673689651.942443
1673689651.975841
1673689652.009169
1673689652.042393
1673689652.075765
1673689652.109138
1673689652.142364
1673689652.175766
1673689652.209183
1673689652.242321
1673689652.275823
1673689652.309062
1673689652.342302
1673689652.375717
1673689652.409070
1673689652.442247
1673689652.475940
1673689652.509197
1673689652.542241
1673689652.575715
1673689652.609168
1673689652.642213
1673689652.675838
1673689652.709032
1673689652.742311
1673689652.775619
1673689652.809086
1673689652.842149
1673689652.875848
1673689652.909187
1673689652.942160
1673689652.975646
1673689653.009047
1673689653.042161
1673689653.075697
1673689653.109056
1673689653.142152
1673689653.175627
1673689653.208859
1673689653.242107
1673689653.275764
1673689653.308971
1673689653.342120
1673689653.375496
1673689653.409006
1673689653.442105
1673689653.475812
1673689653.509113
1673689653.542226
1673689653.575520
1673689653.609073
1673689653.642202
1673689653.675834
1673689653.709012
1673689653.742226
1673689653.775497
1673689653.808968
1673689653.842220
1673689653.875769
1673689653.908961
1673689653.942176
1673689653.975446
1673689654.008982
1673689654.042156
1673689654.075873
1673689654.108927
1673689654.142116
1673689654.175397
1673689654.208848
1673689654.242090
1673689654.275653
1673689654.308788
1673689654.342081
1673689654.375292
1673689654.408773
1673689654.442046
1673689654.475592
1673689654.508862
1673689654.541965
1673689654.575325
1673689654.608744
1673689654.642272
1673689654.674045
1673689654.707810
1673689654.741143
1673689654.774282
1673689654.807755
1673689654.841202
1673689654.874313
1673689654.908763
1673689654.941956
1673689654.975346
1673689655.008748
1673689655.041918
1673689655.075313
1673689655.108623
1673689655.141916
1673689655.175172
1673689655.208683
1673689655.241849
1673689655.275175
1673689655.308708
1673689655.341906
1673689655.375129
1673689655.408684
1673689655.441819
1673689655.475146
1673689655.508667
1673689655.541955
1673689655.575228
1673689655.608606
1673689655.641865
1673689655.675078
1673689655.708556
1673689655.741775
1673689655.775430
1673689655.808826
1673689655.841604
1673689655.874930
1673689655.908623
1673689655.942245
1673689655.975024
1673689656.008395
1673689656.041878
1673689656.074944
1673689656.108658
1673689656.141843
1673689656.174962
1673689656.208523
1673689656.241811
1673689656.274948
1673689656.308449
1673689656.341720
1673689656.374942
1673689656.408466
1673689656.441774
1673689656.474940
1673689656.508503
1673689656.541718
1673689656.574932
1673689656.608408
1673689656.641663
1673689656.674881
1673689656.708343
1673689656.741685
1673689656.774827
1673689656.808511
1673689656.841563
1673689656.874890
1673689656.908435
1673689656.941650
1673689656.974625
1673689657.007962
1673689657.041607
1673689657.074913
1673689657.107898
1673689657.141766
1673689657.174291
1673689657.208042
1673689657.241440
1673689657.274719
1673689657.308088
1673689657.341477
1673689657.374709
1673689657.408135
1673689657.441552
1673689657.474675
1673689657.508137
1673689657.541555
1673689657.574717
1673689657.608117
1673689657.641549
1673689657.674688
1673689657.708175
1673689657.741516
1673689657.774640
1673689657.808164
1673689657.841492
1673689657.874619
1673689657.908044
1673689657.941458
1673689657.974595
1673689658.008007
1673689658.041386
1673689658.074595
1673689658.108068
1673689658.141429
1673689658.174601
1673689658.208051
1673689658.241467
1673689658.274584
1673689658.307975
1673689658.341362
1673689658.374542
1673689658.407993
1673689658.441288
1673689658.474494
1673689658.507896
1673689658.541306
1673689658.574494
1673689658.607929
1673689658.641221
1673689658.674506
1673689658.707875
1673689658.741310
1673689658.774464
1673689658.807825
1673689658.841132
1673689658.874424
1673689658.907785
1673689658.941426
1673689658.974355
1673689659.007793
1673689659.041143
1673689659.074393
1673689659.107864
1673689659.141279
1673689659.174269
1673689659.207821
1673689659.241116
1673689659.274261
1673689659.307651
1673689659.341055
1673689659.374282
1673689659.407818
1673689659.441059
1673689659.474241
1673689659.507778
1673689659.540946
1673689659.574255
1673689659.607722
1673689659.640992
1673689659.674193
1673689659.707652
1673689659.740952
1673689659.774189
1673689659.807591
1673689659.841086
1673689659.874187
1673689659.907672
1673689659.941076
1673689659.974124
1673689660.007631
1673689660.041067
1673689660.074132
1673689660.107591
1673689660.141139
1673689660.174116
1673689660.207562
1673689660.240962
1673689660.274137
1673689660.307559
1673689660.340954
1673689660.374139
1673689660.407554
1673689660.440957
1673689660.474146
1673689660.507556
1673689660.540952
1673689660.574019
1673689660.607494
1673689660.640978
1673689660.674115
1673689660.707551
1673689660.740976
1673689660.774023
1673689660.807506
1673689660.840901
1673689660.874039
1673689660.907648
1673689660.940879
1673689660.974030
1673689661.007487
1673689661.040870
1673689661.074102
1673689661.107658
1673689661.140889
1673689661.174125
1673689661.207357
1673689661.240878
1673689661.273998
1673689661.307623
1673689661.340880
1673689661.374088
1673689661.407348
1673689661.440852
1673689661.474051
1673689661.507498
1673689661.540792
1673689661.574010
1673689661.607285
1673689661.640772
1673689661.674005
1673689661.707608
1673689661.740776
1673689661.773948
1673689661.807289
1673689661.840776
1673689661.873969
1673689661.907464
1673689661.940728
1673689661.967165
1673689661.990362
1673689662.023883
1673689662.057338
1673689662.090435
1673689662.123924
1673689662.157284
1673689662.190500
1673689662.223956
1673689662.257296
1673689662.290400
1673689662.323951
1673689662.357246
1673689662.390395
1673689662.423859
1673689662.457282
1673689662.490365
1673689662.523838
1673689662.557228
1673689662.590389
1673689662.623908
1673689662.657068
1673689662.690305
1673689662.723919
1673689662.757106
1673689662.790216
1673689662.823831
1673689662.857063
1673689662.890259
1673689662.923758
1673689662.957008
1673689662.990293
1673689663.023731
1673689663.057056
1673689663.090215
1673689663.123823
1673689663.157004
1673689663.190191
1673689663.223599
1673689663.257021
1673689663.290228
1673689663.323614
1673689663.357085
1673689663.390226
1673689663.423590
1673689663.457026
1673689663.490231
1673689663.523606
1673689663.556989
1673689663.590074
1673689663.623508
1673689663.657033
1673689663.690113
1673689663.723620
1673689663.756991
1673689663.790110
1673689663.823535
1673689663.856973
1673689663.890140
1673689663.923488
1673689663.957012
1673689663.990156
1673689664.023441
1673689664.056936
1673689664.089911
1673689664.116913
1673689664.139947
1673689664.173429
1673689664.206667
1673689664.240232
1673689664.273452
1673689664.306630
1673689664.340068
1673689664.373077
1673689664.406365
1673689664.440110
1673689664.473396
1673689664.506620
1673689664.540156
1673689664.573408
1673689664.606670
1673689664.640152
1673689664.673351
1673689664.706589
1673689664.740072
1673689664.773353
1673689664.806622
1673689664.840136
1673689664.873281
1673689664.906602
1673689664.940104
1673689664.973265
1673689665.006749
1673689665.040063
1673689665.073267
1673689665.106546
1673689665.140112
1673689665.173357
1673689665.206557
1673689665.240033
1673689665.273352
1673689665.306539
1673689665.339974
1673689665.373268
1673689665.406467
1673689665.439934
1673689665.473224
1673689665.506643
1673689665.539931
1673689665.573407
1673689665.600568
1673689665.623115
1673689665.646308
1673689665.673206
1673689665.706180
1673689665.740057
1673689665.773155
1673689665.806427
1673689665.839925
1673689665.873100
1673689665.906379
1673689665.939916
1673689665.973096
1673689666.006391
1673689666.039871
1673689666.073092
1673689666.106335
1673689666.139854
1673689666.173061
1673689666.206404
1673689666.239727
1673689666.273058
1673689666.306326
1673689666.339789
1673689666.373132
1673689666.406254
1673689666.439659
1673689666.473068
1673689666.506288
1673689666.539827
1673689666.573015
1673689666.606224
1673689666.628690
1673689666.650726
1673689666.674085
1673689666.706139
1673689666.728633
1673689666.750646
1673689666.774411
1673689666.806149
1673689666.828657
1673689666.850738
1673689666.874132
1673689666.900598
1673689666.923213
1673689666.945417
1673689666.969727
1673689666.991878
1673689667.015548
1673689667.037646
1673689667.060866
1673689667.083732
1673689667.106771
1673689667.129340
1673689667.153463
1673689667.176038
1673689667.198235
1673689667.221297
1673689667.243931
1673689667.266902
1673689667.289798
1673689667.312999
1673689667.335490
1673689667.358068
1673689667.380163
1673689667.402430
1673689667.424753
1673689667.446625
1673689667.469014
1673689667.492040
1673689667.514800
1673689667.537441
1673689667.560024
1673689667.583672
1673689667.606665
1673689667.629193
1673689667.652507
1673689667.674825
1673689667.696719
1673689667.719065
1673689667.741664
1673689667.764624
1673689667.786920
1673689667.809591
1673689667.833125
1673689667.855325
1673689667.878020
1673689667.900686
1673689667.924204
1673689667.947574
1673689667.969863
1673689667.991968
1673689668.014323
1673689668.036525
1673689668.059005
1673689668.080932
1673689668.105164
1673689668.127781
1673689668.149798
1673689668.174281
1673689668.196282
1673689668.218982
1673689668.240982
1673689668.263259
1673689668.285539
1673689668.307621
1673689668.329836
1673689668.352353
1673689668.374409
1673689668.396655
1673689668.418728
1673689668.442181
1673689668.465060
1673689668.487419
1673689668.510353
1673689668.534272
1673689668.557442
1673689668.579837
1673689668.602101
1673689668.624634
1673689668.646676
1673689668.668680
1673689668.691929
1673689668.714577
1673689668.736617
1673689668.759115
1673689668.782311
1673689668.805303
1673689668.827492
1673689668.850317
1673689668.873725
1673689668.896080
1673689668.918782
1673689668.941042
1673689668.963457
1673689668.985545
1673689669.008009
1673689669.029972
1673689669.053214
1673689669.075842
1673689669.098415
1673689669.120934
1673689669.144037
1673689669.166555
1673689669.189413
1673689669.213139
1673689669.235580
1673689669.258424
1673689669.280779
1673689669.304357
1673689669.327118
1673689669.350112
1673689669.372702
1673689669.395802
1673689669.418564
1673689669.440594
1673689669.462731
1673689669.485281
1673689669.507526
1673689669.529660
1673689669.551940
1673689669.575744
1673689669.597752
1673689669.619789
1673689669.642288
1673689669.665233
1673689669.688513
1673689669.711137
1673689669.733978
1673689669.756149
1673689669.778136
1673689669.800562
1673689669.823826
1673689669.846347
1673689669.868595
1673689669.890887
1673689669.976958
1673689669.999568
1673689670.022684
1673689670.044600
1673689670.066993
1673689670.088678
1673689670.111262
1673689670.133448
1673689670.155662
1673689670.178334
1673689670.200387
1673689670.223215
1673689670.246279
1673689670.269451
1673689670.291874
1673689670.314800
1673689670.337262
1673689670.359029
1673689670.381091
1673689670.403718
1673689670.426482
1673689670.448487
1673689670.470981
1673689670.494184
1673689670.516560
1673689670.538787
1673689670.560592
1673689670.582395
1673689670.605061
1673689670.628089
1673689670.650343
1673689670.673608
1673689670.696977
1673689670.719582
1673689670.742196
1673689670.765403
1673689670.788029
1673689670.810540
1673689670.833325
1673689670.855514
1673689670.888254
1673689670.910424
1673689670.932554
1673689670.955009
1673689670.976889
1673689670.999388
1673689671.022723
1673689671.044880
1673689671.067232
1673689671.090202
1673689671.112840
1673689671.138786
1673689671.160918
1673689671.183247
1673689671.205400
1673689671.227737
1673689671.249959
1673689671.272085
1673689671.294516
1673689671.316547
1673689671.338910
1673689671.362152
1673689671.388763
1673689671.410935
1673689671.432629
1673689671.455418
1673689671.483277
1673689671.505561
1673689671.538839
1673689671.561886
1673689671.584101
1673689671.606596
1673689671.632387
1673689671.655689
1673689671.688664
1673689671.711032
1673689671.732866
1673689671.756075
1673689671.782830
1673689671.805470
1673689671.838553
1673689671.860929
1673689671.882748
1673689671.904758
1673689671.932856
1673689671.954834
1673689671.976802
1673689671.999956
1673689672.023354
1673689672.045036
1673689672.067623
1673689672.090126
1673689672.116385
1673689672.138492
1673689672.160643
1673689672.182738
1673689672.205403
1673689672.227540
1673689672.249404
1673689672.271912
1673689672.294266
1673689672.316462
1673689672.338632
1673689672.361942
1673689672.384065
1673689672.406570
1673689672.428649
1673689672.455221
1673689672.477454
1673689672.499871
1673689672.521968
1673689672.544282
1673689672.566324
1673689672.588775
1673689672.610923
1673689672.632802
1673689672.655169
1673689672.677494
1673689672.699776
1673689672.723190
1673689672.744914
1673689672.767315
1673689672.789999
1673689672.816234
1673689672.838328
1673689672.860857
1673689672.882994
1673689672.905129
1673689672.927454
1673689672.949436
1673689672.971971
1673689672.994161
1673689673.016317
1673689673.038368
1673689673.061726
1673689673.083971
1673689673.106510
1673689673.128558
1673689673.155244
1673689673.177322
1673689673.199768
1673689673.222082
1673689673.244255
1673689673.266404
1673689673.287827
1673689673.310113
1673689673.332799
1673689673.355854
1673689673.378502
1673689673.401586
1673689673.424380
1673689673.447182
1673689673.469046
1673689673.492248
1673689673.514742
1673689673.537701
1673689673.560175
1673689673.583395
1673689673.606152
1673689673.628557
1673689673.650768
1673689673.674204
1673689673.696804
1673689673.719292
1673689673.742136
1673689673.764678
1673689673.786524
1673689673.808987
1673689673.831215
1673689673.854475
1673689673.876781
1673689673.898621
1673689673.920716
1673689673.943202
1673689673.965159
1673689673.988265
1673689674.011197
1673689674.033072
1673689674.055456
1673689674.077818
1673689674.100818
1673689674.123100
1673689674.145223
1673689674.167771
1673689674.191997
1673689674.214430
1673689674.235679
1673689674.258678
1673689674.281315
1673689674.303413
1673689674.326174
1673689674.348144
1673689674.371587
1673689674.394172
1673689674.416394
1673689674.439693
1673689674.461881
1673689674.483992
1673689674.506426
1673689674.530919
1673689674.553029
1673689674.575465
1673689674.597296
1673689674.619872
1673689674.641668
1673689674.664326
1673689674.686169
1673689674.709864
1673689674.731936
1673689674.754422
1673689674.776332
1673689674.798828
1673689674.821229
1673689674.843212
1673689674.865450
1673689674.888664
1673689674.911056
1673689674.933529
1673689674.956929
1673689674.978763
1673689675.000927
1673689675.023072
1673689675.045395
1673689675.067536
1673689675.090093
1673689675.112786
1673689675.135063
1673689675.157842
1673689675.179784
1673689675.202798
1673689675.226031
1673689675.248682
1673689675.270907
1673689675.293248
1673689675.316406
1673689675.339046
1673689675.361603
1673689675.384035
1673689675.407842
1673689675.430021
1673689675.452133
1673689675.474815
1673689675.497862
1673689675.520763
1673689675.543497
1673689675.567425
1673689675.590538
1673689675.612956
1673689675.635543
1673689675.658131
1673689675.680834
1673689675.703556
1673689675.725358
1673689675.748379
1673689675.771847
1673689675.794922
1673689675.818455
1673689675.842322
1673689675.865012
1673689675.887932
1673689675.911883
1673689675.935037
1673689675.957927
1673689675.979621
1673689676.002991
1673689676.024836
1673689676.047473
1673689676.069766
1673689676.092711
1673689676.115125
1673689676.137810
1673689676.159852
1673689676.182623
1673689676.205349
1673689676.227449
1673689676.250263
1673689676.273362
1673689676.296296
1673689676.318803
1673689676.341236
1673689676.364694
1673689676.386483
1673689676.408654
1673689676.431568
1673689676.453822
1673689676.476000
1673689676.498726
1673689676.521769
1673689676.544127
1673689676.566201
1673689676.588687
1673689676.613081
1673689676.635872
1673689676.658376
1673689676.681878
1673689676.705051
1673689676.727619
1673689676.750717
1673689676.773695
1673689676.797004
1673689676.819911
1673689676.842541
1673689676.865238
1673689676.888176
1673689676.910572
1673689676.932839
1673689676.955890
1673689676.978823
1673689677.001735
1673689677.024407
1673689677.046842
1673689677.069620
1673689677.092404
1673689677.114874
1673689677.137706
1673689677.160249
1673689677.185930
1673689677.208744
1673689677.231680
1673689677.263741
1673689677.285772
1673689677.308662
1673689677.331722
1673689677.354224
1673689677.381769
1673689677.405005
1673689677.428382
1673689677.450613
1673689677.473626
1673689677.498024
1673689677.520202
1673689677.542337
1673689677.564767
1673689677.587984
1673689677.611038
1673689677.632841
1673689677.656264
1673689677.681215
1673689677.703458
1673689677.725442
1673689677.748100
1673689677.771103
1673689677.794382
1673689677.816992
1673689677.840289
1673689677.865568
1673689677.887758
1673689677.909936
1673689677.932181
1673689677.955570
1673689677.977545
1673689678.000270
1673689678.024153
1673689678.047996
1673689678.070067
1673689678.092266
1673689678.114735
1673689678.136883
1673689678.158878
1673689678.181242
1673689678.204626
1673689678.227566
1673689678.250662
1673689678.273357
1673689678.297804
1673689678.320336
1673689678.343134
1673689678.365944
1673689678.390256
1673689678.412735
1673689678.434898
1673689678.457144
1673689678.481235
1673689678.503232
1673689678.525687
1673689678.549339
1673689678.572577
1673689678.595450
1673689678.617958
1673689678.641487
1673689678.664664
1673689678.686594
1673689678.708604
1673689678.731814
1673689678.754629
1673689678.777707
1673689678.800213
1673689678.823519
1673689678.846304
1673689678.870010
1673689678.892311
1673689678.915564
1673689678.937428
1673689678.959649
1673689678.982064
1673689679.005607
1673689679.028553
1673689679.051065
1673689679.075469
1673689679.098924
1673689679.122193
1673689679.144984
1673689679.170679
1673689679.193091
1673689679.215658
1673689679.237425
1673689679.260704
1673689679.283329
1673689679.306547
1673689679.329396
1673689679.353395
1673689679.376456
1673689679.399075
1673689679.422414
1673689679.448102
1673689679.471160
1673689679.494056
1673689679.516733
1673689679.539840
1673689679.562243
1673689679.586436
1673689679.609799
1673689679.632446
1673689679.664640
1673689679.687738
1673689679.711647
1673689679.734619
1673689679.758154
1673689679.781173
1673689679.804656
1673689679.827504
1673689679.850576
1673689679.873154
1673689679.897722
1673689679.919905
1673689679.942917
1673689679.965900
1673689679.989762
1673689680.012354
1673689680.036717
1673689680.060065
1673689680.083395
1673689680.106517
1673689680.129314
1673689680.153774
1673689680.176617
1673689680.199216
1673689680.222249
1673689680.246035
1673689680.269018
1673689680.291617
1673689680.314470
1673689680.337592
1673689680.359740
1673689680.383302
1673689680.407084
1673689680.430197
1673689680.453637
1673689680.475690
1673689680.498866
1673689680.523761
1673689680.546515
1673689680.569808
1673689680.593259
1673689680.616736
1673689680.639610
1673689680.662926
1673689680.686550
1673689680.708741
1673689680.730891
1673689680.752530
1673689680.774934
1673689680.797610
1673689680.820767
1673689680.843943
1673689680.868604
1673689680.892032
1673689680.915281
1673689680.937500
1673689680.959972
1673689680.982924
1673689681.005330
1673689681.027655
1673689681.050499
1673689681.073493
1673689681.096684
1673689681.120111
1673689681.143295
1673689681.165495
1673689681.187609
1673689681.211230
1673689681.234764
1673689681.257341
1673689681.280599
1673689681.312768
1673689681.335550
1673689681.358434
1673689681.381364
1673689681.404998
1673689681.428905
1673689681.452487
1673689681.475386
1673689681.498056
1673689681.520635
1673689681.547440
1673689681.570158
1673689681.602286
1673689681.625371
1673689681.648036
1673689681.671887
1673689681.698176
1673689681.721336
1673689681.752782
1673689681.775625
1673689681.798762
1673689681.821680
1673689681.847409
1673689681.870454
1673689681.902867
1673689681.925945
1673689681.948914
1673689681.973342
1673689681.997020
1673689682.019948
1673689682.042248
1673689682.065900
1673689682.089188
1673689682.112226
1673689682.136470
1673689682.159866
1673689682.183191
1673689682.215377
1673689682.247595
1673689682.271051
1673689682.294294
1673689682.319279
1673689682.343613
1673689682.366341
1673689682.397991
1673689682.419971
1673689682.443706
1673689682.469680
1673689682.492400
1673689682.515467
1673689682.539477
1673689682.562673
1673689682.586068
1673689682.608952
1673689682.632885
1673689682.656260
1673689682.679387
1673689682.702583
1673689682.727022
1673689682.750033
1673689682.773120
1673689682.797338
1673689682.820494
1673689682.844466
1673689682.867628
1673689682.891944
1673689682.915441
1673689682.938474
1673689682.962233
1673689682.986114
1673689683.009164
1673689683.032158
1673689683.055131
1673689683.079158
1673689683.102475
1673689683.125530
1673689683.148573
1673689683.172865
1673689683.195921
1673689683.219175
1673689683.242308
1673689683.265436
1673689683.288335
1673689683.311844
1673689683.335891
1673689683.359306
1673689683.382257
1673689683.405984
1673689683.430718
1673689683.453765
1673689683.485804
1673689683.508567
1673689683.531999
1673689683.555774
1673689683.578889
1673689683.602335
1673689683.625544
1673689683.648560
1673689683.671646
1673689683.694777
1673689683.718230
1673689683.741290
1673689683.764232
1673689683.787182
1673689683.811817
1673689683.835349
1673689683.858382
1673689683.882142
1673689683.905715
1673689683.928686
1673689683.952616
1673689683.975638
1673689683.998245
1673689684.021004
1673689684.043849
1673689684.068021
1673689684.091379
1673689684.113841
1673689684.136906
1673689684.169110
1673689684.192326
1673689684.215739
1673689684.237993
1673689684.263803
1673689684.287002
1673689684.309425
1673689684.333397
1673689684.356182
1673689684.379009
1673689684.401863
1673689684.425727
1673689684.448467
1673689684.470899
1673689684.493901
1673689684.518181
1673689684.541889
1673689684.564360
1673689684.587068
1673689684.610368
1673689684.633567
1673689684.656800
1673689684.679784
1673689684.702832
1673689684.726161
1673689684.748248
1673689684.770350
1673689684.794261
1673689684.817152
1673689684.840038
1673689684.863607
1673689684.886322
1673689684.909667
1673689684.932123
1673689684.956526
1673689684.979177
1673689685.001429
1673689685.024598
1673689685.047939
1673689685.070847
1673689685.093728
1673689685.116774
1673689685.139820
1673689685.162832
1673689685.185586
1673689685.207741
1673689685.231614
1673689685.254699
1673689685.277473
1673689685.300248
1673689685.323844
1673689685.346508
1673689685.370152
1673689685.393466
1673689685.415878
1673689685.439609
1673689685.463060
1673689685.486668
1673689685.509705
1673689685.532073
1673689685.555048
1673689685.579298
1673689685.602353
1673689685.625773
1673689685.648897
1673689685.671832
1673689685.695077
1673689685.718302
1673689685.740954
1673689685.763927
1673689685.786832
1673689685.809160
1673689685.831797
1673689685.855525
1673689685.878515
1673689685.900765
1673689685.924448
1673689685.946631
1673689685.970230
1673689685.992351
1673689686.014425
1673689686.037565
1673689686.060540
1673689686.083791
1673689686.107782
1673689686.130937
1673689686.153327
1673689686.176238
1673689686.199232
1673689686.222523
1673689686.245127
1673689686.267916
1673689686.291630
1673689686.314743
1673689686.337535
1673689686.360112
1673689686.383610
1673689686.406963
1673689686.429343
1673689686.452221
1673689686.475155
1673689686.502746
1673689686.525812
1673689686.549064
1673689686.572180
1673689686.595163
1673689686.618080
1673689686.642558
1673689686.664853
1673689686.687931
1673689686.710754
1673689686.734392
1673689686.757384
1673689686.780288
1673689686.803274
1673689686.826645
1673689686.848898
1673689686.872094
1673689686.895058
1673689686.918708
1673689686.941626
1673689686.964658
1673689686.988735
1673689687.013714
1673689687.036536
1673689687.059853
1673689687.082795
1673689687.105193
1673689687.130476
1673689687.152938
1673689687.175707
1673689687.198185
1673689687.221731
1673689687.244809
1673689687.268865
1673689687.292227
1673689687.314752
1673689687.337269
1673689687.361376
1673689687.384627
1673689687.406860
1673689687.429901
1673689687.452458
1673689687.474852
1673689687.497114
1673689687.521074
1673689687.543506
1673689687.566802
1673689687.590197
1673689687.612786
1673689687.636434
1673689687.658766
1673689687.681459
1673689687.705138
1673689687.728034
1673689687.750877
1673689687.774147
1673689687.798198
1673689687.821131
1673689687.843976
1673689687.866345
1673689687.889544
1673689687.912491
1673689687.935114
1673689687.958131
1673689687.980925
1673689688.003726
1673689688.026754
1673689688.050925
1673689688.073304
1673689688.096766
1673689688.119461
1673689688.142444
1673689688.165554
1673689688.188823
1673689688.211695
1673689688.234808
1673689688.256915
1673689688.280119
1673689688.302965
1673689688.325786
1673689688.348675
1673689688.371815
1673689688.395247
1673689688.419555
1673689688.441852
1673689688.464535
1673689688.488037
1673689688.511294
1673689688.534098
1673689688.557203
1673689688.580611
1673689688.603501
1673689688.626240
1673689688.648499
1673689688.672072
1673689688.694724
1673689688.717433
1673689688.740522
1673689688.764020
1673689688.785925
1673689688.808092
1673689688.830938
1673689688.854265
1673689688.876770
1673689688.899906
1673689688.923003
1673689688.946212
1673689688.969750
1673689688.992453
1673689689.020298
1673689689.042834
1673689689.065188
1673689689.087528
1673689689.110999
1673689689.134137
1673689689.156716
1673689689.181641
1673689689.206175
1673689689.232429
1673689689.255281
1673689689.278413
1673689689.301479
1673689689.324072
1673689689.347514
1673689689.370037
1673689689.393072
1673689689.416526
1673689689.439332
1673689689.461735
1673689689.485030
1673689689.507482
1673689689.529961
1673689689.552849
1673689689.574997
1673689689.597621
1673689689.619446
1673689689.642058
1673689689.664626
1673689689.687051
1673689689.709665
1673689689.732294
1673689689.754696
1673689689.777326
1673689689.800710
1673689689.824581
1673689689.847062
1673689689.870416
1673689689.892939
1673689689.915982
1673689689.938241
1673689689.960662
1673689689.983114
1673689690.006340
1673689690.028672
1673689690.051328
1673689690.074513
1673689690.096678
1673689690.119866
1673689690.142490
1673689690.166240
1673689690.188571
1673689690.211248
1673689690.234614
1673689690.258057
1673689690.280696
1673689690.303868
1673689690.326534
1673689690.350525
1673689690.373438
1673689690.395837
1673689690.419360
1673689690.442080
1673689690.464926
1673689690.488227
1673689690.511057
1673689690.534540
1673689690.557335
1673689690.579279
1673689690.602458
1673689690.625387
1673689690.648304
1673689690.671546
1673689690.695221
1673689690.717955
1673689690.740731
1673689690.762957
1673689690.786281
1673689690.808683
1673689690.831861
1673689690.854446
1673689690.877789
1673689690.900632
1673689690.923302
1673689690.945311
1673689690.968044
1673689690.990932
1673689691.013974
1673689691.036764
1673689691.059635
1673689691.082832
1673689691.105550
1673689691.128492
1673689691.150692
1673689691.173492
1673689691.195477
1673689691.219540
1673689691.242546
1673689691.265164
1673689691.288436
1673689691.311793
1673689691.332930
1673689691.354731
1673689691.377000
1673689691.399825
1673689691.422413
1673689691.451496
1673689691.485205
1673689691.513419
1673689691.536171
1673689691.565452
1673689691.598233
1673689691.631876
1673689691.664825
1673689691.686414
1673689691.709219
1673689691.731856
1673689691.754213
1673689691.781502
1673689691.817326
1673689691.849684
1673689691.877649
1673689691.901029
1673689691.938368
1673689691.971231
1673689692.004434
1673689692.037982
1673689692.071510
1673689692.104803
1673689692.151596
1673689692.173675
1673689692.197187
1673689692.220691
1673689692.243287
1673689692.265590
1673689692.288990
1673689692.311283
1673689692.333752
1673689692.357867
1673689692.380654
1673689692.402908
1673689692.424850
1673689692.448906
1673689692.471082
1673689692.493766
1673689692.516738
1673689692.539593
1673689692.562670
1673689692.584840
1673689692.607431
1673689692.630428
1673689692.652614
1673689692.675332
1673689692.700468
1673689692.728523
1673689692.755627
1673689692.777801
1673689692.800756
1673689692.824064
1673689692.846883
1673689692.868895
