1673623851.359443
1673623851.373263
1673623851.390141
1673623851.406516
1673623851.423670
1673623851.438347
1673623851.455598
1673623851.471545
1673623851.488800
1673623851.505450
1673623851.522551
1673623851.539081
1673623851.555840
1673623851.572087
1673623851.589207
1673623851.605376
1673623851.621833
1673623851.632820
1673623851.643570
1673623851.655512
1673623851.671813
1673623851.682383
1673623851.692848
1673623851.709157
1673623851.726582
1673623851.742206
1673623851.759020
1673623851.776076
1673623851.792917
1673623851.809212
1673623851.826210
1673623851.844064
1673623851.861010
1673623851.875848
1673623851.886557
1673623851.897427
1673623851.909056
1673623851.919869
1673623851.930580
1673623851.942180
1673623851.952840
1673623851.963828
1673623851.975544
1673623851.986457
1673623851.997551
1673623852.008721
1673623852.019814
1673623852.031213
1673623852.042166
1673623852.052765
1673623852.063638
1673623852.075639
1673623852.086221
1673623852.097428
1673623852.108955
1673623852.119540
1673623852.130936
1673623852.145351
1673623852.163771
1673623852.178687
1673623852.195186
1673623852.211748
1673623852.228693
1673623852.245039
1673623852.262019
1673623852.279085
1673623852.290109
1673623852.300705
1673623852.312064
1673623852.322848
1673623852.339128
1673623852.349737
1673623852.361006
1673623852.372617
1673623852.383176
1673623852.394433
1673623852.405908
1673623852.416896
1673623852.427800
1673623852.438408
1673623852.454536
1673623852.465922
1673623852.476415
1673623852.488248
1673623852.498883
1673623852.510048
1673623852.520624
1673623852.531278
1673623852.542056
1673623852.552900
1673623852.563785
1673623852.574985
1673623852.586001
1673623852.597074
1673623852.608089
1673623852.619405
1673623852.637408
1673623852.652793
1673623852.668321
1673623852.678894
1673623852.690091
1673623852.701274
1673623852.712271
1673623852.722619
1673623852.733408
1673623852.744309
1673623852.758565
1673623852.769258
1673623852.780062
1673623852.793563
1673623852.804154
1673623852.829647
1673623852.847356
1673623852.863807
1673623852.880064
1673623852.896636
1673623852.913478
1673623852.930050
1673623852.946643
1673623852.963308
1673623852.980555
1673623852.996548
1673623853.013206
1673623853.030917
1673623853.047273
1673623853.063064
1673623853.079758
1673623853.096199
1673623853.113541
1673623853.130383
1673623853.146553
1673623853.162739
1673623853.180212
1673623853.196632
1673623853.212552
1673623853.229629
1673623853.246372
1673623853.262938
1673623853.279740
1673623853.296337
1673623853.314363
1673623853.329385
1673623853.345960
1673623853.363047
1673623853.379577
1673623853.395742
1673623853.413765
1673623853.430380
1673623853.447129
1673623853.464147
1673623853.480420
1673623853.497936
1673623853.515019
1673623853.531025
1673623853.547473
1673623853.563562
1673623853.580744
1673623853.595887
1673623853.612972
1673623853.629200
1673623853.646796
1673623853.662527
1673623853.679197
1673623853.696383
1673623853.712643
1673623853.729270
1673623853.746046
1673623853.763466
1673623853.779878
1673623853.795197
1673623853.812282
1673623853.829094
1673623853.845760
1673623853.862026
1673623853.878631
1673623853.896082
1673623853.911715
1673623853.929501
1673623853.945291
1673623853.961928
1673623853.979280
1673623853.994050
1673623854.010006
1673623854.020660
1673623854.031830
1673623854.043548
1673623854.054157
1673623854.064974
1673623854.076701
1673623854.087322
1673623854.097903
1673623854.109760
1673623854.120495
1673623854.131702
1673623854.143113
1673623854.153707
1673623854.165011
1673623854.176522
1673623854.187060
1673623854.197896
1673623854.209113
1673623854.219706
1673623854.230168
1673623854.242141
1673623854.252726
1673623854.263583
1673623854.275555
1673623854.286446
1673623854.297405
1673623854.308904
1673623854.319559
1673623854.330724
1673623854.341208
1673623854.351868
1673623854.363085
1673623854.375265
1673623854.385833
1673623854.396332
1673623854.408369
1673623854.419080
1673623854.430386
1673623854.441512
1673623854.452317
1673623854.463387
1673623854.477849
1673623854.494708
1673623854.511349
1673623854.528112
1673623854.544523
1673623854.561357
1673623854.577970
1673623854.594236
1673623854.610854
1673623854.627797
1673623854.642495
1673623854.653197
1673623854.664341
1673623854.675693
1673623854.686391
1673623854.696803
1673623854.709002
1673623854.720129
1673623854.732064
1673623854.742517
1673623854.753731
1673623854.764766
1673623854.777156
1673623854.787754
1673623854.798303
1673623854.809541
1673623854.820166
1673623854.831208
1673623854.842840
1673623854.853643
1673623854.864387
1673623854.874874
1673623854.885475
1673623854.896785
1673623854.907216
1673623854.917796
1673623854.928498
1673623854.940694
1673623854.951318
1673623854.962478
1673623854.973649
1673623854.984428
1673623854.994989
1673623855.006129
1673623855.016702
1673623855.027932
1673623855.039800
1673623855.050454
1673623855.061768
1673623855.072260
1673623855.082872
1673623855.093604
1673623855.106200
1673623855.116765
1673623855.128179
1673623855.139503
1673623855.150358
1673623855.161772
1673623855.173148
1673623855.183796
1673623855.195032
1673623855.206494
1673623855.217126
1673623855.227591
1673623855.239336
1673623855.250010
1673623855.261023
1673623855.272240
1673623855.283201
1673623855.294281
1673623855.305559
1673623855.316315
1673623855.327242
1673623855.337900
1673623855.348590
1673623855.359548
1673623855.370125
1673623855.381374
1673623855.391894
1673623855.402650
1673623855.413666
1673623855.424331
1673623855.434882
1673623855.446054
1673623855.456750
1673623855.467418
1673623855.478486
1673623855.489852
1673623855.500479
1673623855.511617
1673623855.522171
1673623855.533116
1673623855.544366
1673623855.558978
1673623855.569822
1673623855.580606
1673623855.592271
1673623855.603598
1673623855.615198
1673623855.625676
1673623855.636230
1673623855.647425
1673623855.659015
1673623855.669640
1673623855.680593
1673623855.692422
1673623855.703278
1673623855.714232
1673623855.725664
1673623855.736303
1673623855.747468
1673623855.760518
1673623855.777107
1673623855.793499
1673623855.810423
1673623855.827253
1673623855.843551
1673623855.860239
1673623855.870797
1673623855.881999
1673623855.893616
1673623855.904369
1673623855.915677
1673623855.926375
1673623855.936934
1673623855.948007
1673623855.958690
1673623855.969362
1673623855.979832
1673623855.991342
1673623856.001932
1673623856.013050
1673623856.024722
1673623856.035482
1673623856.046330
1673623856.057956
1673623856.068537
1673623856.079928
1673623856.091060
1673623856.101685
1673623856.113186
1673623856.124828
1673623856.135446
1673623856.146384
1673623856.157951
1673623856.168676
1673623856.179204
1673623856.192569
1673623856.203298
1673623856.214574
1673623856.225796
1673623856.236378
1673623856.247235
1673623856.260755
1673623856.271306
1673623856.282250
1673623856.294231
1673623856.304804
1673623856.317378
1673623856.328946
1673623856.342626
1673623856.353264
1673623856.364131
1673623856.375018
1673623856.385643
1673623856.396824
1673623856.408076
1673623856.419204
1673623856.430441
1673623856.441334
1673623856.451997
1673623856.463421
1673623856.475147
1673623856.485752
1673623856.497016
1673623856.509658
1673623856.520871
1673623856.531744
1673623856.542334
1673623856.553271
1673623856.564111
1673623856.575048
1673623856.585852
1673623856.597258
1673623856.608197
1673623856.618784
1673623856.629901
1673623856.641403
1673623856.652014
1673623856.663261
1673623856.675724
1673623856.686336
1673623856.696884
1673623856.708908
1673623856.719857
1673623856.730858
1673623856.742403
1673623856.753021
1673623856.763863
1673623856.775098
1673623856.785702
1673623856.796293
1673623856.807420
1673623856.817972
1673623856.829225
1673623856.840130
1673623856.850745
1673623856.861563
1673623856.872393
1673623856.883114
1673623856.893888
1673623856.904473
1673623856.915367
1673623856.926474
1673623856.937087
1673623856.948289
1673623856.958841
1673623856.969713
1673623856.980548
1673623856.991069
1673623857.001635
1673623857.012740
1673623857.023484
1673623857.041927
1673623857.052535
1673623857.063363
1673623857.073932
1673623857.084494
1673623857.095476
1673623857.106101
1673623857.116682
1673623857.127784
1673623857.139597
1673623857.150246
1673623857.161160
1673623857.171802
1673623857.183154
1673623857.194313
1673623857.206037
1673623857.216634
1673623857.228038
1673623857.238456
1673623857.249073
1673623857.260261
1673623857.271213
1673623857.281941
1673623857.293029
1673623857.303708
1673623857.315181
1673623857.326471
1673623857.337131
1673623857.348476
1673623857.359301
1673623857.370041
1673623857.380592
1673623857.392437
1673623857.402996
1673623857.413835
1673623857.425323
1673623857.436288
1673623857.446777
1673623857.460041
1673623857.470576
1673623857.481913
1673623857.492950
1673623857.503549
1673623857.514573
1673623857.525591
1673623857.536234
1673623857.547216
1673623857.557721
1673623857.568779
1673623857.580039
1673623857.591926
1673623857.603872
1673623857.614913
1673623857.626410
1673623857.637642
1673623857.649076
1673623857.659802
1673623857.670449
1673623857.681578
1673623857.693412
1673623857.703981
1673623857.714371
1673623857.725528
1673623857.736413
1673623857.747515
1673623857.759502
1673623857.770103
1673623857.781008
1673623857.793113
1673623857.803683
1673623857.814308
1673623857.826127
1673623857.836699
1673623857.847803
1673623857.860209
1673623857.870763
1673623857.881966
1673623857.893393
1673623857.904158
1673623857.915623
1673623857.927032
1673623857.937667
1673623857.948927
1673623857.959930
1673623857.970429
1673623857.981027
1673623857.992229
1673623858.002896
1673623858.013406
1673623858.025579
1673623858.036577
1673623858.047732
1673623858.058448
1673623858.068996
1673623858.079600
1673623858.092336
1673623858.102913
1673623858.113890
1673623858.125712
1673623858.136355
1673623858.147052
1673623858.158658
1673623858.169257
1673623858.180665
1673623858.192275
1673623858.203243
1673623858.214499
1673623858.225143
1673623858.235729
1673623858.246401
1673623858.258531
1673623858.269133
1673623858.280142
1673623858.291606
1673623858.302224
1673623858.312822
1673623858.326839
1673623858.337413
1673623858.348424
1673623858.359973
1673623858.370885
1673623858.381894
1673623858.393134
1673623858.403693
1673623858.414521
1673623858.426341
1673623858.436897
1673623858.448112
1673623858.460023
1673623858.470637
1673623858.481942
1673623858.492496
1673623858.503263
1673623858.513789
1673623858.524766
1673623858.535349
1673623858.546034
1673623858.557875
1673623858.568435
1673623858.579909
1673623858.591134
1673623858.601773
1673623858.612106
1673623858.624447
1673623858.635028
1673623858.645364
1673623858.658309
1673623858.669056
1673623858.679956
1673623858.690498
1673623858.701271
1673623858.713065
1673623858.723943
1673623858.734612
1673623858.745404
1673623858.756190
1673623858.766788
1673623858.777806
1673623858.789341
1673623858.800367
1673623858.810919
1673623858.821464
1673623858.832917
1673623858.843467
1673623858.853999
1673623858.864966
1673623858.875880
1673623858.886385
1673623858.897474
1673623858.908456
1673623858.919186
1673623858.929802
1673623858.948159
1673623858.958805
1673623858.969538
1673623858.980722
1673623858.991756
1673623859.002362
1673623859.013861
1673623859.024210
1673623859.034775
1673623859.046075
1673623859.057539
1673623859.068158
1673623859.079365
1673623859.091122
1673623859.101809
1673623859.112920
1673623859.124261
1673623859.135132
1673623859.145938
1673623859.157727
1673623859.168275
1673623859.178801
1673623859.191018
1673623859.201588
1673623859.211994
1673623859.224389
1673623859.234992
1673623859.245539
1673623859.257584
1673623859.268394
1673623859.279770
1673623859.290956
1673623859.301932
1673623859.313063
1673623859.324460
1673623859.335139
1673623859.346448
1673623859.357702
1673623859.368261
1673623859.379321
1673623859.392841
1673623859.403488
1673623859.414406
1673623859.425591
1673623859.436486
1673623859.447506
1673623859.458737
1673623859.469306
1673623859.480124
1673623859.491308
1673623859.501876
1673623859.512913
1673623859.524348
1673623859.534936
1673623859.546255
1673623859.557983
1673623859.569077
1673623859.580190
1673623859.590772
1673623859.601642
1673623859.613018
1673623859.624248
1673623859.634904
1673623859.645626
1673623859.657739
1673623859.668342
1673623859.678886
1673623859.691368
1673623859.701883
1673623859.713191
1673623859.725064
1673623859.736335
1673623859.747291
1673623859.758084
1673623859.768626
1673623859.779904
1673623859.791292
1673623859.801821
1673623859.812423
1673623859.824315
1673623859.834863
1673623859.845748
1673623859.857776
1673623859.868466
1673623859.879130
1673623859.891132
1673623859.902487
1673623859.912974
1673623859.924628
1673623859.935199
1673623859.946400
1673623859.957542
1673623859.968110
1673623859.979247
1673623859.990122
1673623860.000726
1673623860.011671
1673623860.022214
1673623860.033183
1673623860.043921
1673623860.054532
1673623860.065073
1673623860.076480
1673623860.086932
1673623860.097889
1673623860.108939
1673623860.120113
1673623860.131249
1673623860.141820
1673623860.152586
1673623860.163573
1673623860.174484
1673623860.185209
1673623860.196747
1673623860.207585
1673623860.218378
1673623860.229124
1673623860.241342
1673623860.252020
1673623860.263221
1673623860.274620
1673623860.285305
1673623860.296690
1673623860.307198
1673623860.318355
1673623860.328683
1673623860.340191
1673623860.350788
1673623860.362200
1673623860.373621
1673623860.384202
1673623860.395395
1673623860.407228
1673623860.417821
1673623860.428764
1673623860.440216
1673623860.451107
1673623860.461961
1673623860.473721
1673623860.484358
1673623860.495564
1673623860.508348
1673623860.518865
1673623860.530756
1673623860.543663
1673623860.554209
1673623860.564687
1673623860.576325
1673623860.586895
1673623860.597345
1673623860.608900
1673623860.619615
1673623860.630982
1673623860.642241
1673623860.652777
1673623860.664087
1673623860.674741
1673623860.685273
1673623860.696620
1673623860.709029
1673623860.719687
1673623860.730714
1673623860.742397
1673623860.753965
1673623860.765016
1673623860.776149
1673623860.786838
1673623860.797554
1673623860.808120
1673623860.818665
1673623860.829628
1673623860.841919
1673623860.852486
1673623860.863778
1673623860.875007
1673623860.885628
1673623860.895986
1673623860.909092
1673623860.919954
1673623860.930995
1673623860.942467
1673623860.952974
1673623860.964314
1673623860.975742
1673623860.986306
1673623860.997607
1673623861.025188
1673623861.035850
1673623861.046432
1673623861.057302
1673623861.068608
1673623861.079579
1673623861.090788
1673623861.101850
1673623861.112777
1673623861.123561
1673623861.134366
1673623861.145335
1673623861.156405
1673623861.167331
1673623861.178319
1673623861.189732
1673623861.200437
1673623861.211391
1673623861.221940
1673623861.233127
1673623861.244107
1673623861.254774
1673623861.265690
1673623861.276966
1673623861.287868
1673623861.299057
1673623861.309610
1673623861.320550
1673623861.331640
1673623861.344198
1673623861.354936
1673623861.365767
1673623861.377295
1673623861.387862
1673623861.398695
1673623861.411335
1673623861.427464
1673623861.444103
1673623861.458010
1673623861.469076
1673623861.480264
1673623861.492112
1673623861.502968
1673623861.513723
1673623861.525118
1673623861.535758
1673623861.546895
1673623861.558220
1673623861.568770
1673623861.579946
1673623861.591584
1673623861.602126
1673623861.613184
1673623861.624774
1673623861.635328
1673623861.652958
1673623861.669648
1673623861.680686
1673623861.691945
1673623861.702362
1673623861.712870
1673623861.724283
1673623861.735644
1673623861.746324
1673623861.757581
1673623861.768998
1673623861.780246
1673623861.790852
1673623861.801451
1673623861.812826
1673623861.824218
1673623861.835169
1673623861.845915
1673623861.856658
1673623861.867991
1673623861.878817
1673623861.890234
1673623861.901338
1673623861.913015
1673623861.924647
1673623861.936061
1673623861.947140
1673623861.962787
1673623861.978733
1673623861.994292
1673623862.011258
1673623862.026956
1673623862.037573
1673623862.048117
1673623862.061888
1673623862.079177
1673623862.095157
1673623862.111353
1673623862.127143
1673623862.144938
1673623862.157620
1673623862.169161
1673623862.180315
1673623862.191409
1673623862.202466
1673623862.213964
1673623862.226319
1673623862.237134
1673623862.248907
1673623862.260242
1673623862.271418
1673623862.291180
1673623862.301947
1673623862.312842
1673623862.324409
1673623862.335035
1673623862.345783
1673623862.358644
1673623862.369840
1673623862.381165
1673623862.393904
1673623862.409825
1673623862.420590
1673623862.444029
1673623862.461814
1673623862.478665
1673623862.495681
1673623862.510487
1673623862.530242
1673623862.541320
1673623862.553497
1673623862.564506
1673623862.575632
1673623862.586200
1673623862.596743
1673623862.607649
1673623862.618263
1673623862.629405
1673623862.640212
1673623862.651499
1673623862.662481
1673623862.673972
1673623862.685091
1673623862.696883
1673623862.707990
1673623862.719680
1673623862.733100
1673623862.744355
1673623862.755749
1673623862.766383
1673623862.777285
1673623862.788355
1673623862.799350
1673623862.810584
1673623862.821314
1673623862.832573
1673623862.844132
1673623862.854666
1673623862.866661
1673623862.877915
1673623862.892398
1673623862.903703
1673623862.915268
1673623862.926813
1673623862.937783
1673623862.949196
1673623862.960887
1673623862.974330
1673623862.984935
1673623862.996238
1673623863.007477
1673623863.018083
1673623863.029443
1673623863.042933
1673623863.054093
1673623863.065113
1673623863.076872
1673623863.092776
1673623863.104199
1673623863.115319
1673623863.128327
1673623863.145164
1673623863.160619
1673623863.177013
1673623863.187895
1673623863.199476
1673623863.211281
1673623863.227405
1673623863.245095
1673623863.259821
1673623863.271067
1673623863.282926
1673623863.294928
1673623863.309863
1673623863.321402
1673623863.332956
1673623863.345698
1673623863.358256
1673623863.368815
1673623863.382041
1673623863.393260
1673623863.404502
1673623863.415522
1673623863.425974
1673623863.436823
1673623863.448122
1673623863.459834
1673623863.470958
1673623863.482507
1673623863.494240
1673623863.505243
1673623863.516412
1673623863.528104
1673623863.544456
1673623863.560479
1673623863.576747
1673623863.587467
1673623863.598251
1673623863.611056
1673623863.621788
1673623863.632656
1673623863.643707
1673623863.654262
1673623863.665250
1673623863.676876
1673623863.688202
1673623863.699808
1673623863.712450
1673623863.724281
1673623863.735445
1673623863.746705
1673623863.758264
1673623863.769007
1673623863.779304
1673623863.789962
1673623863.800856
1673623863.811624
1673623863.822381
1673623863.833133
1673623863.844330
1673623863.855635
1673623863.866655
1673623863.878738
1673623863.890107
1673623863.900841
1673623863.912108
1673623863.931172
1673623863.942226
1673623863.953357
1673623863.964718
1673623863.975421
1673623863.985994
1673623863.997997
1673623864.009159
1673623864.019884
1673623864.030778
1673623864.041281
1673623864.051879
1673623864.063198
1673623864.075956
1673623864.087066
1673623864.098394
1673623864.109523
1673623864.120145
1673623864.131477
1673623864.142745
1673623864.154171
1673623864.166084
1673623864.177289
1673623864.188665
1673623864.199897
1673623864.211694
1673623864.226923
1673623864.243635
1673623864.254163
1673623864.264908
1673623864.275824
1673623864.286694
1673623864.297784
1673623864.309517
1673623864.320188
1673623864.331181
1673623864.342809
1673623864.353507
1673623864.364334
1673623864.376443
1673623864.386998
1673623864.397550
1673623864.409912
1673623864.420712
1673623864.431948
1673623864.442575
1673623864.453345
1673623864.464278
1673623864.476375
1673623864.486969
1673623864.498465
1673623864.509856
1673623864.520599
1673623864.531214
1673623864.545445
1673623864.561368
1673623864.578112
1673623864.595298
1673623864.611227
1673623864.627975
1673623864.642151
1673623864.652940
1673623864.664109
1673623864.675555
1673623864.686116
1673623864.697499
1673623864.708960
1673623864.719586
1673623864.730692
1673623864.742254
1673623864.752758
1673623864.763728
1673623864.775552
1673623864.786426
1673623864.797472
1673623864.808580
1673623864.819140
1673623864.830459
1673623864.846931
1673623864.858112
1673623864.869965
1673623864.881879
1673623864.892678
1673623864.903279
1673623864.913890
1673623864.926227
1673623864.936813
1673623864.947805
1673623864.959470
1673623864.970034
1673623864.981340
1673623864.992790
1673623865.003669
1673623865.014729
1673623865.026163
1673623865.036725
1673623865.053245
1673623865.064031
1673623865.074658
1673623865.085211
1673623865.096530
1673623865.107459
1673623865.118064
1673623865.129471
1673623865.140145
1673623865.150905
1673623865.161550
1673623865.173268
1673623865.184095
1673623865.195054
1673623865.206006
1673623865.217177
1673623865.228181
1673623865.239222
1673623865.250255
1673623865.261399
1673623865.271918
1673623865.282819
1673623865.293290
1673623865.304729
1673623865.316419
1673623865.326894
1673623865.337484
1673623865.348253
1673623865.364678
1673623865.380860
1673623865.397341
1673623865.414650
1673623865.430812
1673623865.447345
1673623865.462440
1673623865.479054
1673623865.495148
1673623865.512058
1673623865.528634
1673623865.545356
1673623865.560540
1673623865.577268
1673623865.593422
1673623865.604063
1673623865.615320
1673623865.627437
1673623865.643749
1673623865.654391
1673623865.665315
1673623865.676513
1673623865.687404
1673623865.698331
1673623865.710016
1673623865.721015
1673623865.731608
1673623865.751026
1673623865.761624
1673623865.776860
1673623865.787484
1673623865.798300
1673623865.809238
1673623865.819961
1673623865.831290
1673623865.842464
1673623865.853016
1673623865.864416
1673623865.875818
1673623865.886386
1673623865.897310
1673623865.908622
1673623865.919139
1673623865.930153
1673623865.942400
1673623865.953100
1673623865.964270
1673623865.975820
1673623865.986719
1673623865.997679
1673623866.008925
1673623866.019469
1673623866.030002
1673623866.047461
1673623866.059946
1673623866.070496
1673623866.082069
1673623866.094362
1673623866.110819
1673623866.127680
1673623866.144423
1673623866.159959
1673623866.170538
1673623866.180984
1673623866.193399
1673623866.203986
1673623866.214651
1673623866.227425
1673623866.238142
1673623866.249210
1673623866.260659
1673623866.271558
1673623866.282728
1673623866.293585
1673623866.304167
1673623866.314960
1673623866.331315
1673623866.344451
1673623866.362184
1673623866.378506
1673623866.394965
1673623866.410339
1673623866.421001
1673623866.432058
1673623866.443465
1673623866.453942
1673623866.464376
1673623866.476808
1673623866.487353
1673623866.498652
1673623866.511749
1673623866.528817
1673623866.544098
1673623866.561450
1673623866.577710
1673623866.595175
1673623866.611859
1673623866.627759
1673623866.643485
1673623866.654032
1673623866.664498
1673623866.681441
1673623866.694632
1673623866.710217
1673623866.720877
1673623866.731999
1673623866.749117
1673623866.761398
1673623866.777766
1673623866.795592
1673623866.810278
1673623866.820892
1673623866.832247
1673623866.844630
1673623866.861037
1673623866.877454
1673623866.895049
1673623866.910535
1673623866.921087
1673623866.931484
1673623866.943839
1673623866.954666
1673623866.965431
1673623866.977596
1673623866.993361
1673623867.004053
1673623867.014796
1673623867.027541
1673623867.038188
1673623867.049754
1673623867.062503
1673623867.079387
1673623867.094543
1673623867.112022
1673623867.128062
1673623867.141003
1673623867.151898
1673623867.162674
1673623867.174377
1673623867.184877
1673623867.195751
1673623867.207551
1673623867.218091
1673623867.229356
1673623867.241220
1673623867.251748
1673623867.262717
1673623867.274272
1673623867.285119
1673623867.295932
1673623867.307645
1673623867.318340
1673623867.329374
1673623867.340911
1673623867.351452
1673623867.362612
1673623867.374590
1673623867.385201
1673623867.396130
1673623867.412090
1673623867.427926
1673623867.444228
1673623867.460885
1673623867.477567
1673623867.494353
1673623867.510885
1673623867.527744
1673623867.544285
1673623867.560622
1673623867.577706
1673623867.594332
1673623867.611029
1673623867.626768
1673623867.637326
1673623867.648439
1673623867.661100
1673623867.677221
1673623867.687804
1673623867.698821
1673623867.711703
1673623867.728341
1673623867.745145
1673623867.761599
1673623867.778888
1673623867.795014
1673623867.811557
1673623867.828269
1673623867.845000
1673623867.861365
1673623867.878151
1673623867.895304
1673623867.911831
1673623867.928759
1673623867.945432
1673623867.962310
1673623867.981224
1673623867.995409
1673623868.012741
1673623868.028748
1673623868.040929
1673623868.051499
1673623868.062686
1673623868.074021
1673623868.084576
1673623868.095756
1673623868.107427
1673623868.117942
1673623868.128461
1673623868.142708
1673623868.153767
1673623868.164976
1673623868.175403
1673623868.185955
1673623868.197111
1673623868.207561
1673623868.218250
1673623868.229481
1673623868.249470
1673623868.260905
1673623868.274644
1673623868.285305
1673623868.296619
1673623868.307827
1673623868.318336
1673623868.329528
1673623868.341047
1673623868.351646
1673623868.361958
1673623868.374645
1673623868.385202
1673623868.396370
1673623868.407851
1673623868.418711
1673623868.429463
1673623868.446764
1673623868.461604
1673623868.477089
1673623868.487638
1673623868.501853
1673623868.512434
1673623868.523596
1673623868.534130
1673623868.545280
1673623868.556887
1673623868.567641
1673623868.578453
1673623868.591205
1673623868.601889
1673623868.612841
1673623868.624116
1673623868.634684
1673623868.648884
1673623868.660094
1673623868.670600
1673623868.681008
1673623868.692064
1673623868.702630
1673623868.713151
1673623868.723891
1673623868.734780
1673623868.745582
1673623868.756138
1673623868.766638
1673623868.777594
1673623868.788082
1673623868.799201
1673623868.809745
1673623868.820459
1673623868.831139
1673623868.847583
1673623868.858033
1673623868.869069
1673623868.880807
1673623868.891486
1673623868.902128
1673623868.912838
1673623868.923999
1673623868.934549
1673623868.945464
1673623868.956028
1673623868.966534
1673623868.977775
1673623868.988930
1673623868.999527
1673623869.010162
1673623869.020782
1673623869.032723
1673623869.043631
1673623869.054102
1673623869.065417
1673623869.076504
1673623869.087071
1673623869.097514
1673623869.108309
1673623869.118995
1673623869.130213
1673623869.141419
1673623869.152320
1673623869.163570
1673623869.177930
1673623869.194375
1673623869.210129
1673623869.220663
1673623869.231421
1673623869.243609
1673623869.254279
1673623869.265026
1673623869.277021
1673623869.287509
1673623869.298249
1673623869.310044
1673623869.320538
1673623869.331022
1673623869.343511
1673623869.353992
1673623869.364670
1673623869.377454
1673623869.388008
1673623869.398670
1673623869.409942
1673623869.420787
1673623869.431749
1673623869.444136
1673623869.454645
1673623869.465205
1673623869.477639
1673623869.488185
1673623869.499482
1673623869.512144
1673623869.528619
1673623869.545236
1673623869.561948
1673623869.577775
1673623869.595347
1673623869.612081
1673623869.627887
1673623869.645399
1673623869.661866
1673623869.678615
1673623869.695318
1673623869.712791
1673623869.728718
1673623869.746594
1673623869.763124
1673623869.780748
1673623869.797442
1673623869.813819
1673623869.829914
1673623869.847356
1673623869.864118
1673623869.880487
1673623869.897840
1673623869.914583
1673623869.930294
1673623869.948017
1673623869.963834
1673623869.981358
1673623869.996876
1673623870.013115
1673623870.030950
1673623870.047469
1673623870.059909
1673623870.070765
1673623870.081818
1673623870.094321
1673623870.104818
1673623870.116254
1673623870.127735
1673623870.138242
1673623870.149503
1673623870.160907
1673623870.177735
1673623870.194076
1673623870.210900
1673623870.227915
1673623870.244267
1673623870.258024
1673623870.268612
1673623870.279610
1673623870.291391
1673623870.302017
1673623870.313062
1673623870.325225
1673623870.335737
1673623870.347007
1673623870.358307
1673623870.368864
1673623870.379876
1673623870.391494
1673623870.402300
1673623870.413182
1673623870.425064
1673623870.435562
1673623870.446699
1673623870.458116
1673623870.468719
1673623870.479584
1673623870.491976
1673623870.502508
1673623870.512853
1673623870.526238
1673623870.536897
1673623870.547996
1673623870.559399
1673623870.569871
1673623870.580751
1673623870.592666
1673623870.603209
1673623870.614419
1673623870.626315
1673623870.636861
1673623870.647256
1673623870.661158
1673623870.671718
1673623870.682989
1673623870.693326
1673623870.704006
1673623870.715158
1673623870.726804
1673623870.737303
1673623870.748942
1673623870.760026
1673623870.770631
1673623870.781621
1673623870.793971
1673623870.804514
1673623870.814980
1673623870.827166
1673623870.837833
1673623870.848233
1673623870.860479
1673623870.871125
1673623870.882053
1673623870.893364
1673623870.903990
1673623870.915228
1673623870.927301
1673623870.937778
1673623870.948405
1673623870.962570
1673623870.978986
1673623870.995654
1673623871.012293
1673623871.028974
1673623871.046279
1673623871.063082
1673623871.079643
1673623871.096151
1673623871.112098
1673623871.129674
1673623871.146167
1673623871.161955
1673623871.178566
1673623871.195256
1673623871.211811
1673623871.230135
1673623871.244656
1673623871.260405
1673623871.277817
1673623871.294164
1673623871.311110
1673623871.327701
1673623871.344421
1673623871.361184
1673623871.377784
1673623871.394304
1673623871.411117
1673623871.427940
1673623871.444096
1673623871.460404
1673623871.476793
1673623871.487381
1673623871.498477
1673623871.509937
1673623871.520520
1673623871.531737
1673623871.543546
1673623871.554250
1673623871.565400
1673623871.576683
1673623871.587164
1673623871.597853
1673623871.610522
1673623871.621162
1673623871.632384
1673623871.643833
1673623871.654482
1673623871.665072
1673623871.676237
1673623871.686970
1673623871.698021
1673623871.710325
1673623871.720828
1673623871.732142
1673623871.743503
1673623871.753999
1673623871.765318
1673623871.777205
1673623871.787885
1673623871.799029
1673623871.810594
1673623871.821094
1673623871.831472
1673623871.843055
1673623871.853808
1673623871.864769
1673623871.878874
1673623871.893410
1673623871.904289
1673623871.915260
1673623871.926412
1673623871.936856
1673623871.947594
1673623871.962015
1673623871.978670
1673623871.994945
1673623872.012034
1673623872.028868
1673623872.045160
1673623872.062749
1673623872.080126
1673623872.095378
1673623872.111964
1673623872.129201
1673623872.144321
1673623872.160658
1673623872.177490
1673623872.194846
1673623872.210790
1673623872.227796
1673623872.244671
1673623872.261126
1673623872.278054
1673623872.294604
1673623872.311279
1673623872.328170
1673623872.344244
1673623872.360842
1673623872.378103
1673623872.394549
1673623872.411736
1673623872.427794
1673623872.444314
1673623872.461173
1673623872.478421
1673623872.495059
1673623872.511132
1673623872.527867
1673623872.544438
1673623872.561067
1673623872.578604
1673623872.594759
1673623872.611797
1673623872.627818
1673623872.646561
1673623872.663083
1673623872.680632
1673623872.697543
1673623872.714180
1673623872.729906
1673623872.746674
1673623872.762348
1673623872.778426
1673623872.795404
1673623872.811680
1673623872.828375
1673623872.845066
1673623872.861519
1673623872.878192
1673623872.894996
1673623872.913261
1673623872.929595
1673623872.945991
1673623872.961498
1673623872.977869
1673623872.994326
1673623873.010988
1673623873.027817
1673623873.044277
1673623873.060734
1673623873.078180
1673623873.094846
1673623873.111513
1673623873.128353
1673623873.144549
1673623873.161122
1673623873.177997
1673623873.194292
1673623873.210716
1673623873.227722
1673623873.244737
1673623873.261107
1673623873.278532
1673623873.295377
1673623873.311985
1673623873.328918
1673623873.345061
1673623873.361217
1673623873.376812
1673623873.387286
1673623873.398143
1673623873.409650
1673623873.420322
1673623873.431093
1673623873.442847
1673623873.453389
1673623873.463823
1673623873.476276
1673623873.487332
1673623873.498060
1673623873.509514
1673623873.520264
1673623873.530809
1673623873.542921
1673623873.553480
1673623873.568362
1673623873.579666
1673623873.590564
1673623873.601164
1673623873.612609
1673623873.624521
1673623873.635041
1673623873.646121
1673623873.657488
1673623873.668074
1673623873.679255
1673623873.691148
1673623873.701825
1673623873.712688
1673623873.724579
1673623873.735159
1673623873.746065
1673623873.757438
1673623873.767988
1673623873.780196
1673623873.791186
1673623873.801694
1673623873.812984
1673623873.824493
1673623873.835050
1673623873.845907
1673623873.859802
1673623873.870488
1673623873.881142
1673623873.893322
1673623873.903840
1673623873.915396
1673623873.926506
1673623873.937054
1673623873.947612
1673623873.960536
1673623873.971065
1673623873.981533
1673623873.993286
1673623874.003839
1673623874.014917
1673623874.027207
1673623874.037849
1673623874.059728
1673623874.070252
1673623874.081097
1673623874.092871
1673623874.103397
1673623874.114136
1673623874.126372
1673623874.143630
1673623874.154203
1673623874.164618
1673623874.177340
1673623874.192794
1673623874.210063
1673623874.220619
1673623874.231979
1673623874.243803
1673623874.254331
1673623874.265072
1673623874.276562
1673623874.289230
1673623874.299755
1673623874.310623
1673623874.322917
1673623874.333457
1673623874.343997
1673623874.355690
1673623874.366771
1673623874.377312
1673623874.387850
1673623874.398396
1673623874.408937
1673623874.419524
1673623874.435969
1673623874.447163
1673623874.458747
1673623874.472462
1673623874.482944
1673623874.493673
1673623874.505672
1673623874.516220
1673623874.527111
1673623874.538140
1673623874.549232
1673623874.560111
1673623874.570929
1673623874.581827
1673623874.592821
1673623874.603659
1673623874.614872
1673623874.625411
1673623874.636004
1673623874.646729
1673623874.658062
1673623874.669045
1673623874.680375
1673623874.691197
1673623874.701723
1673623874.719064
1673623874.738086
1673623874.755362
1673623874.766151
1673623874.777485
1673623874.788109
1673623874.799325
1673623874.810599
1673623874.821152
1673623874.833714
1673623874.844397
1673623874.855806
1673623874.866455
1673623874.877114
1673623874.888026
1673623874.899545
1673623874.909939
1673623874.921007
1673623874.932178
1673623874.943746
1673623874.954894
1673623874.966298
1673623874.977383
1673623874.988674
1673623874.999792
1673623875.010748
1673623875.021120
1673623875.031616
1673623875.042001
1673623875.052630
1673623875.063656
1673623875.074656
1673623875.085145
1673623875.096229
1673623875.107337
1673623875.117904
1673623875.128352
1673623875.139128
1673623875.149814
1673623875.160434
1673623875.170956
1673623875.182136
1673623875.193267
1673623875.203791
1673623875.215033
1673623875.226051
1673623875.237053
1673623875.247531
1673623875.258493
1673623875.268942
1673623875.280337
1673623875.291658
1673623875.302143
1673623875.313238
1673623875.324299
1673623875.334886
1673623875.345388
1673623875.360777
1673623875.378347
1673623875.395216
1673623875.410757
1673623875.428244
1673623875.444567
1673623875.460666
1673623875.471185
1673623875.482111
1673623875.494504
1673623875.510975
1673623875.527395
1673623875.544843
1673623875.561521
1673623875.577305
1673623875.587831
1673623875.635673
1673623875.646242
1673623875.657423
1673623875.668837
1673623875.679924
1673623875.690472
1673623875.700954
1673623875.713753
1673623875.729229
1673623875.745692
1673623875.762187
1673623875.777941
1673623875.796153
1673623875.811591
1673623875.827602
1673623875.844795
1673623875.861841
1673623875.878119
1673623875.894665
1673623875.911126
1673623875.928191
1673623875.944679
1673623875.961821
1673623875.978220
1673623875.994890
1673623876.011300
1673623876.028071
1673623876.046989
1673623876.063540
1673623876.079763
1673623876.096268
1673623876.113463
1673623876.130034
1673623876.145380
1673623876.162851
1673623876.178773
1673623876.195316
1673623876.212471
1673623876.229798
1673623876.245459
1673623876.262547
1673623876.279169
1673623876.295578
1673623876.312901
1673623876.329374
1673623876.345958
1673623876.361954
1673623876.379303
1673623876.397366
1673623876.415029
1673623876.429976
1673623876.446872
1673623876.463586
1673623876.479832
1673623876.496198
1673623876.513262
1673623876.529454
1673623876.547142
1673623876.562903
1673623876.578714
1673623876.595689
1673623876.611536
1673623876.629066
1673623876.644624
1673623876.661294
1673623876.678768
1673623876.695206
1673623876.712179
1673623876.729172
1673623876.745744
1673623876.762664
1673623876.777915
1673623876.794769
1673623876.812256
1673623876.829214
1673623876.845554
1673623876.862394
1673623876.879137
1673623876.896166
1673623876.912518
1673623876.929099
1673623876.945675
1673623876.962259
1673623876.978956
1673623876.995590
1673623877.012250
1673623877.029028
1673623877.046679
1673623877.063341
1673623877.080007
1673623877.096692
1673623877.113661
1673623877.130735
1673623877.146834
1673623877.163246
1673623877.180504
1673623877.197435
1673623877.212423
1673623877.228917
1673623877.245972
1673623877.262795
1673623877.279374
1673623877.296198
1673623877.312090
1673623877.329290
1673623877.346157
1673623877.362734
1673623877.378762
1673623877.395467
1673623877.411796
1673623877.428832
1673623877.445150
1673623877.461802
1673623877.479169
1673623877.495649
1673623877.512217
1673623877.529002
1673623877.545368
1673623877.562025
1673623877.579454
1673623877.595617
1673623877.612366
1673623877.628952
1673623877.645661
1673623877.662303
1673623877.678899
1673623877.695786
1673623877.712102
1673623877.728885
1673623877.746054
1673623877.762792
1673623877.780113
1673623877.795080
1673623877.812046
1673623877.828679
1673623877.845176
1673623877.861976
1673623877.879042
1673623877.896027
1673623877.912471
1673623877.928563
1673623877.945705
1673623877.961834
1673623877.978802
1673623877.996036
1673623878.011916
1673623878.028443
1673623878.045587
1673623878.059929
1673623878.070789
1673623878.082101
1673623878.092423
1673623878.102940
1673623878.114275
1673623878.125870
1673623878.136386
1673623878.159382
1673623878.175937
1673623878.186474
1673623878.196917
1673623878.207964
1673623878.218602
1673623878.228923
1673623878.239476
1673623878.250655
1673623878.261261
1673623878.272215
1673623878.282765
1673623878.293931
1673623878.305213
1673623878.316421
1673623878.327333
1673623878.338823
1673623878.349258
1673623878.359732
1673623878.370224
1673623878.381675
1673623878.393004
1673623878.403449
1673623878.414589
1673623878.425357
1673623878.435918
1673623878.446956
1673623878.457455
1673623878.467968
1673623878.479365
1673623878.489888
1673623878.500643
1673623878.511037
1673623878.522022
1673623878.533176
1673623878.547846
1673623878.558369
1673623878.569033
1673623878.580325
1673623878.590883
1673623878.601477
1673623878.612885
1673623878.623477
1673623878.634162
1673623878.645254
1673623878.655864
1673623878.666450
1673623878.677867
1673623878.688990
1673623878.699589
1673623878.710562
1673623878.721734
1673623878.732244
1673623878.743431
1673623878.754778
1673623878.765911
1673623878.776788
1673623878.788116
1673623878.799608
1673623878.810058
1673623878.820520
1673623878.831314
1673623878.842457
1673623878.852984
1673623878.864105
1673623878.874887
1673623878.885542
1673623878.896724
1673623878.907540
1673623878.918055
1673623878.929416
1673623878.940968
1673623878.951539
1673623878.962880
1673623878.974044
1673623878.984662
1673623878.995939
1673623879.007433
1673623879.017976
1673623879.029261
1673623879.040833
1673623879.051525
1673623879.062615
1673623879.074000
1673623879.084468
1673623879.095709
1673623879.109927
1673623879.120610
1673623879.131112
1673623879.143428
1673623879.153912
1673623879.164328
1673623879.178102
1673623879.194773
1673623879.211347
1673623879.227997
1673623879.244270
1673623879.261189
1673623879.277993
1673623879.294298
1673623879.311030
1673623879.326728
1673623879.337225
1673623879.347537
1673623879.360793
1673623879.371316
1673623879.381803
1673623879.393474
1673623879.404362
1673623879.415355
1673623879.427502
1673623879.437966
1673623879.449828
1673623879.461176
1673623879.476497
1673623879.487146
1673623879.498182
1673623879.509048
1673623879.519598
1673623879.530952
1673623879.542736
1673623879.553296
1673623879.564378
1673623879.575810
1673623879.586356
1673623879.597265
1673623879.609273
1673623879.619940
1673623879.630586
1673623879.642708
1673623879.653230
1673623879.664630
1673623879.675993
1673623879.686753
1673623879.697762
1673623879.709424
1673623879.719906
1673623879.732793
1673623879.746281
1673623879.760648
1673623879.771893
1673623879.782314
1673623879.793150
1673623879.803660
1673623879.814144
1673623879.825309
1673623879.835960
1673623879.846382
1673623879.858497
1673623879.868992
1673623879.880657
1673623879.891923
1673623879.902431
1673623879.912916
1673623879.925475
1673623879.936047
1673623879.948532
1673623879.959014
1673623879.969798
1673623879.980536
1673623879.991523
1673623880.002370
1673623880.013405
1673623880.024945
1673623880.035739
1673623880.046956
1673623880.057753
1673623880.068227
1673623880.079218
1673623880.090827
1673623880.101320
1673623880.112172
1673623880.123224
1673623880.133826
1673623880.144777
1673623880.155181
1673623880.165505
1673623880.177110
1673623880.187692
1673623880.198740
1673623880.209178
1673623880.219824
1673623880.230406
1673623880.241616
1673623880.252759
1673623880.265375
1673623880.276464
1673623880.286922
1673623880.297665
1673623880.308269
1673623880.319009
1673623880.330201
1673623880.341526
1673623880.352121
1673623880.363300
1673623880.373807
1673623880.384549
1673623880.395554
1673623880.406587
1673623880.417062
1673623880.428846
1673623880.440045
1673623880.450558
1673623880.460890
1673623880.471500
1673623880.481817
1673623880.493111
1673623880.503712
1673623880.514352
1673623880.525372
1673623880.535850
1673623880.547039
1673623880.557780
1673623880.568425
1673623880.579196
1673623880.590042
1673623880.600572
1673623880.611310
1673623880.621796
1673623880.632962
1673623880.643418
1673623880.653899
1673623880.665115
1673623880.676440
1673623880.686922
1673623880.697809
1673623880.709760
1673623880.720639
1673623880.731382
1673623880.742089
1673623880.752912
1673623880.763452
1673623880.775918
1673623880.786374
1673623880.797523
1673623880.808447
1673623880.818964
1673623880.829496
1673623880.840234
1673623880.850706
1673623880.861681
1673623880.874543
1673623880.885135
1673623880.895541
1673623880.907632
1673623880.918175
1673623880.929173
1673623880.940676
1673623880.951186
1673623880.962239
1673623880.974137
1673623880.984590
1673623880.995900
1673623881.006939
1673623881.017473
1673623881.028247
1673623881.038754
1673623881.049410
1673623881.060199
1673623881.070683
1673623881.081861
1673623881.093487
1673623881.104004
1673623881.114722
1673623881.125124
1673623881.135979
1673623881.146238
1673623881.156627
1673623881.167602
1673623881.178738
1673623881.190189
1673623881.201003
1673623881.212088
1673623881.224384
1673623881.235001
1673623881.246066
1673623881.257480
1673623881.267962
1673623881.278580
1673623881.290780
1673623881.301416
1673623881.312690
1673623881.324176
1673623881.334787
1673623881.346183
1673623881.357480
1673623881.368045
1673623881.379219
1673623881.391142
1673623881.401732
1673623881.412341
1673623881.424478
1673623881.435501
1673623881.446253
1673623881.458026
1673623881.469015
1673623881.479620
1673623881.490853
1673623881.501364
1673623881.511814
1673623881.528375
1673623881.545941
1673623881.561141
1673623881.578012
1673623881.594681
1673623881.611276
1673623881.627805
1673623881.644794
1673623881.660962
1673623881.677091
1673623881.687536
1673623881.698311
1673623881.710943
1673623881.721517
1673623881.732564
1673623881.744631
1673623881.755144
1673623881.765532
1673623881.777280
1673623881.787829
1673623881.798910
1673623881.811585
1673623881.828247
1673623881.844456
1673623881.861736
1673623881.875510
1673623881.886377
1673623881.897171
1673623881.908601
1673623881.919338
1673623881.930613
1673623881.941815
1673623881.952354
1673623881.963134
1673623881.974871
1673623881.985346
1673623881.996314
1673623882.008748
1673623882.019923
1673623882.030867
1673623882.041490
1673623882.052171
1673623882.063157
1673623882.075116
1673623882.085685
1673623882.096485
1673623882.106892
1673623882.117396
1673623882.128328
1673623882.139124
1673623882.149681
1673623882.160365
1673623882.170883
1673623882.181540
1673623882.192061
1673623882.202609
1673623882.213884
1673623882.224454
1673623882.234982
1673623882.246156
1673623882.257100
1673623882.267859
1673623882.278658
1673623882.290125
1673623882.301142
1673623882.311819
1673623882.322366
1673623882.332947
1673623882.343962
1673623882.354488
1673623882.365607
1673623882.376287
1673623882.387081
1673623882.397835
1673623882.408594
1673623882.419116
1673623882.430777
1673623882.441856
1673623882.454708
1673623882.465203
1673623882.476253
1673623882.486798
1673623882.498004
1673623882.508550
1673623882.519408
1673623882.529713
1673623882.540962
1673623882.551800
1673623882.562738
1673623882.574619
1673623882.585126
1673623882.596369
1673623882.607876
1673623882.618402
1673623882.628738
1673623882.640702
1673623882.651231
1673623882.662509
1673623882.674808
1673623882.685862
1673623882.696740
1673623882.708217
1673623882.718842
1673623882.730151
1673623882.740648
1673623882.751160
1673623882.761675
1673623882.773630
1673623882.784148
1673623882.794914
1673623882.807090
1673623882.818049
1673623882.829281
1673623882.840195
1673623882.851063
1673623882.861438
1673623882.874101
1673623882.885065
1673623882.895738
1673623882.906897
1673623882.917439
1673623882.928009
1673623882.938743
1673623882.949901
1673623882.960920
1673623882.973652
1673623882.990851
1673623883.001449
1673623883.012133
1673623883.024226
1673623883.035109
1673623883.046380
1673623883.057375
1673623883.068410
1673623883.078922
1673623883.090956
1673623883.101466
1673623883.112185
1673623883.124325
1673623883.134934
1673623883.145369
1673623883.157914
1673623883.174341
1673623883.184894
1673623883.196533
1673623883.208686
1673623883.219270
1673623883.229601
1673623883.241219
1673623883.252162
1673623883.262946
1673623883.275407
1673623883.286434
1673623883.297185
1673623883.307973
1673623883.318586
1673623883.329869
1673623883.341735
1673623883.352293
1673623883.363007
1673623883.374583
1673623883.385112
1673623883.395864
1673623883.406360
1673623883.417068
1673623883.427799
1673623883.438312
1673623883.449013
1673623883.460180
1673623883.470724
1673623883.481897
1673623883.493136
1673623883.503803
1673623883.514202
1673623883.524807
1673623883.535873
1673623883.546556
1673623883.559890
1673623883.571158
1673623883.582639
1673623883.594022
1673623883.604612
1673623883.615609
1673623883.626468
1673623883.636851
1673623883.648107
1673623883.658540
1673623883.670088
1673623883.680770
1673623883.691690
1673623883.702428
1673623883.713346
1673623883.724040
1673623883.734591
1673623883.745883
1673623883.757134
1673623883.767670
1673623883.778332
1673623883.789833
1673623883.800398
1673623883.811701
1673623883.823041
1673623883.833803
1673623883.844464
1673623883.858934
1673623883.869511
1673623883.880747
1673623883.892110
1673623883.902653
1673623883.913827
1673623883.924911
1673623883.935418
1673623883.946571
1673623883.958866
1673623883.969727
1673623883.980560
1673623883.991120
1673623884.001741
1673623884.012954
1673623884.025125
1673623884.035721
1673623884.047381
1673623884.058125
1673623884.068632
1673623884.079705
1673623884.092177
1673623884.102698
1673623884.113377
1673623884.125791
1673623884.136523
1673623884.147025
1673623884.159264
1673623884.169969
1673623884.181184
1673623884.192546
1673623884.203202
1673623884.213799
1673623884.225069
1673623884.235568
1673623884.246085
1673623884.257304
1673623884.267925
1673623884.279160
1673623884.289491
1673623884.300251
1673623884.311176
1673623884.321804
1673623884.332602
1673623884.344154
1673623884.354933
1673623884.365876
1673623884.376898
1673623884.387944
1673623884.398759
1673623884.410097
1673623884.420654
1673623884.431761
1673623884.442847
1673623884.453397
1673623884.464201
1673623884.475694
1673623884.486234
1673623884.497406
1673623884.508101
1673623884.519076
1673623884.529668
1673623884.541428
1673623884.553015
1673623884.563475
1673623884.574202
1673623884.584772
1673623884.595780
1673623884.606415
1673623884.617067
1673623884.627639
1673623884.638569
1673623884.649035
1673623884.659653
1673623884.670239
1673623884.681662
1673623884.692451
1673623884.702985
1673623884.713936
1673623884.725122
1673623884.735626
1673623884.746953
1673623884.757857
1673623884.768727
1673623884.779366
1673623884.789896
1673623884.800617
1673623884.811535
1673623884.822124
1673623884.832753
1673623884.843326
1673623884.853846
1673623884.864918
1673623884.875569
1673623884.886425
1673623884.896978
1673623884.907764
1673623884.918494
1673623884.929778
1673623884.940679
1673623884.951220
1673623884.961807
1673623884.974038
1673623884.984564
1673623884.995209
1673623885.007892
1673623885.018612
1673623885.044441
1673623885.055573
1673623885.066622
1673623885.077170
1673623885.087712
1673623885.098863
1673623885.109551
1673623885.120226
1673623885.130751
1673623885.141876
1673623885.153895
1673623885.164438
1673623885.175237
1673623885.185797
1673623885.196970
1673623885.213445
1673623885.224143
1673623885.234710
1673623885.245670
1673623885.264938
1673623885.276205
1673623885.286938
1673623885.297345
1673623885.307755
1673623885.318246
1673623885.329841
1673623885.340351
1673623885.350898
1673623885.361313
1673623885.371952
1673623885.382736
1673623885.393676
1673623885.404217
1673623885.415296
1673623885.426104
1673623885.436605
1673623885.447634
1673623885.459126
1673623885.469714
1673623885.480469
1673623885.491578
1673623885.502250
1673623885.512916
1673623885.524859
1673623885.535522
1673623885.546060
1673623885.557996
1673623885.568569
1673623885.579434
1673623885.591323
1673623885.601827
1673623885.612653
1673623885.624478
1673623885.634975
1673623885.645496
1673623885.658330
1673623885.669027
1673623885.679332
1673623885.692437
1673623885.703037
1673623885.724258
1673623885.734765
1673623885.745639
1673623885.758038
1673623885.769120
1673623885.780016
1673623885.791759
1673623885.808913
1673623885.819444
1673623885.830291
1673623885.842448
1673623885.853267
1673623885.875101
1673623885.885689
1673623885.896438
1673623885.907219
1673623885.917805
1673623885.928380
1673623885.940574
1673623885.951448
1673623885.962574
1673623885.974108
1673623885.990842
1673623886.001563
1673623886.012561
1673623886.024140
1673623886.034766
1673623886.045631
1673623886.058061
1673623886.074559
1673623886.085224
1673623886.096200
1673623886.108164
1673623886.118848
1673623886.130263
1673623886.141539
1673623886.152100
1673623886.163090
1673623886.174815
1673623886.185381
1673623886.196652
1673623886.207862
1673623886.218700
1673623886.229391
1673623886.241231
1673623886.252195
1673623886.263213
1673623886.274879
1673623886.285430
1673623886.295711
1673623886.308684
1673623886.319349
1673623886.330498
1673623886.341471
1673623886.351985
1673623886.362964
1673623886.374288
1673623886.385007
1673623886.395966
1673623886.407692
1673623886.418216
1673623886.429352
1673623886.441217
1673623886.451907
1673623886.462866
1673623886.474361
1673623886.484958
1673623886.496034
1673623886.506930
1673623886.517871
1673623886.529014
1673623886.540290
1673623886.550858
1673623886.561525
1673623886.573698
1673623886.584237
1673623886.595305
1673623886.609936
1673623886.620548
1673623886.631872
1673623886.648699
1673623886.659586
1673623886.670316
1673623886.681793
1673623886.693309
1673623886.704397
1673623886.715558
1673623886.726836
1673623886.737693
1673623886.748732
1673623886.759894
1673623886.771186
1673623886.782631
1673623886.793799
1673623886.804488
1673623886.815012
1673623886.826577
1673623886.838046
1673623886.848969
1673623886.860048
1673623886.870927
1673623886.882223
1673623886.893536
1673623886.904235
1673623886.914683
1673623886.927554
1673623886.938118
1673623886.948887
1673623886.959902
1673623886.970434
1673623886.981278
1673623886.992248
1673623887.002796
1673623887.013699
1673623887.024790
1673623887.035736
1673623887.046376
1673623887.057201
1673623887.067820
1673623887.078478
1673623887.089148
1673623887.100524
1673623887.111835
1673623887.122710
1673623887.133326
1673623887.144427
1673623887.155884
1673623887.166466
1673623887.177575
1673623887.188196
1673623887.199678
1673623887.212178
1673623887.225218
1673623887.235781
1673623887.247233
1673623887.259153
1673623887.269716
1673623887.280731
1673623887.292590
1673623887.303140
1673623887.314476
1673623887.326681
1673623887.337622
1673623887.348299
1673623887.365929
1673623887.377079
1673623887.387805
1673623887.398412
1673623887.409565
1673623887.421163
1673623887.432560
1673623887.443904
1673623887.454664
1673623887.466249
1673623887.476835
1673623887.487630
1673623887.498854
1673623887.510394
1673623887.521077
1673623887.531806
1673623887.542273
1673623887.553554
1673623887.564346
1673623887.575342
1673623887.586816
1673623887.597363
1673623887.608476
1673623887.619257
1673623887.630732
1673623887.641384
1673623887.652011
1673623887.662325
1673623887.674567
1673623887.685088
1673623887.695932
1673623887.707660
1673623887.718567
1673623887.729376
1673623887.741241
1673623887.751926
1673623887.762838
1673623887.774235
1673623887.784911
1673623887.795288
1673623887.808173
1673623887.819213
1673623887.829911
1673623887.842710
1673623887.853515
1673623887.863966
1673623887.874754
1673623887.885419
1673623887.896346
1673623887.908643
1673623887.919779
1673623887.931236
1673623887.943480
1673623887.954599
1673623887.966167
1673623887.977679
1673623887.988301
1673623887.998963
1673623888.009444
1673623888.020325
1673623888.031686
1673623888.042888
1673623888.053470
1673623888.064538
1673623888.075821
1673623888.086416
1673623888.097810
1673623888.109047
1673623888.119723
1673623888.130739
1673623888.142211
1673623888.152852
1673623888.163200
1673623888.174512
1673623888.185499
1673623888.196203
1673623888.209176
1673623888.220826
1673623888.232845
1673623888.243605
1673623888.254185
1673623888.265238
1673623888.276657
1673623888.287210
1673623888.298576
1673623888.314322
1673623888.325359
1673623888.335951
1673623888.346569
1673623888.357670
1673623888.368392
1673623888.379760
1673623888.391087
1673623888.401978
1673623888.413390
1673623888.424467
1673623888.435141
1673623888.446178
1673623888.457685
1673623888.468352
1673623888.480389
1673623888.492094
1673623888.502800
1673623888.513505
1673623888.524353
1673623888.535316
1673623888.545813
1673623888.556682
1673623888.567355
1673623888.578308
1673623888.588830
1673623888.599697
1673623888.610769
1673623888.621494
1673623888.632661
1673623888.647348
1673623888.659094
1673623888.669772
1673623888.680950
1673623888.692196
1673623888.703207
1673623888.714211
1673623888.724828
1673623888.735548
1673623888.746606
1673623888.757901
1673623888.768526
1673623888.779813
1673623888.790611
1673623888.801261
1673623888.812182
1673623888.823762
1673623888.834594
1673623888.845540
1673623888.857866
1673623888.868839
1673623888.879952
1673623888.893162
1673623888.903758
1673623888.915434
1673623888.925916
1673623888.936661
1673623888.947748
1673623888.959672
1673623888.970310
1673623888.981049
1673623888.993234
1673623889.004042
1673623889.015315
1673623889.026164
1673623889.036765
1673623889.048502
1673623889.059505
1673623889.070660
1673623889.081724
1673623889.094366
1673623889.105131
1673623889.116031
1673623889.127059
1673623889.137691
1673623889.149067
1673623889.160190
1673623889.170955
1673623889.181717
1673623889.192782
1673623889.203350
1673623889.215418
1673623889.226290
1673623889.236916
1673623889.247974
1673623889.259349
1673623889.270032
1673623889.280528
1673623889.292299
1673623889.303124
1673623889.314277
1673623889.324926
1673623889.336079
1673623889.347466
1673623889.358994
1673623889.369656
1673623889.380527
1673623889.392075
1673623889.403131
1673623889.414147
1673623889.427008
1673623889.437872
1673623889.448584
1673623889.459610
1673623889.471725
1673623889.483103
1673623889.494593
1673623889.505284
1673623889.516332
1673623889.531192
1673623889.543039
1673623889.553631
1673623889.564544
1673623889.576540
1673623889.587108
1673623889.598272
1673623889.610278
1673623889.620863
1673623889.631724
1673623889.643516
1673623889.654092
1673623889.665391
1673623889.676705
1673623889.687492
1673623889.698857
1673623889.709669
1673623889.720372
1673623889.731797
1673623889.743074
1673623889.753762
1673623889.765198
1673623889.776369
1673623889.787053
1673623889.798336
1673623889.809016
1673623889.820272
1673623889.831560
1673623889.842079
1673623889.852980
1673623889.863900
1673623889.875380
1673623889.885995
1673623889.897292
1673623889.907770
1673623889.918559
1673623889.929420
1673623889.940990
1673623889.951686
1673623889.962816
1673623889.974488
1673623889.985288
1673623889.996294
1673623890.012221
1673623890.027557
1673623890.044387
1673623890.061093
1673623890.076914
1673623890.087498
1673623890.098639
1673623890.110422
1673623890.121046
1673623890.131859
1673623890.144280
1673623890.154924
1673623890.165578
1673623890.176520
1673623890.187184
1673623890.198222
1673623890.209695
1673623890.220532
1673623890.231728
1673623890.243327
1673623890.253964
1673623890.265494
1673623890.277781
1673623890.288948
1673623890.299563
1673623890.311037
1673623890.321681
1673623890.333250
1673623890.344581
1673623890.355655
1673623890.366782
1673623890.378048
1673623890.393069
1673623890.403656
1673623890.414783
1673623890.430129
1673623890.445579
1673623890.461322
1673623890.478385
1673623890.495418
1673623890.510836
1673623890.521483
1673623890.532766
1673623890.544712
1673623890.559389
1673623890.570045
1673623890.581161
1673623890.592596
1673623890.603447
1673623890.614242
1673623890.625503
1673623890.636262
1673623890.647712
1673623890.658814
1673623890.669510
1673623890.680310
1673623890.692213
1673623890.702934
1673623890.714281
1673623890.725565
1673623890.736282
1673623890.747472
1673623890.759863
1673623890.770686
1673623890.781817
1673623890.793052
1673623890.803695
1673623890.815149
1673623890.826510
1673623890.837200
1673623890.848296
1673623890.859632
1673623890.870266
1673623890.881488
1673623890.892096
1673623890.903037
1673623890.914182
1673623890.925564
1673623890.936680
1673623890.947569
1673623890.959224
1673623890.971018
1673623890.982729
1673623890.993608
1673623891.008514
1673623891.019121
1673623891.030654
1673623891.041507
1673623891.052175
1673623891.064044
1673623891.076053
1673623891.086720
1673623891.097901
1673623891.109040
1673623891.119900
1673623891.131298
1673623891.142371
1673623891.153084
1673623891.164391
1673623891.175850
1673623891.186552
1673623891.197373
1673623891.209254
1673623891.219892
1673623891.230678
1673623891.242725
1673623891.253335
1673623891.263981
1673623891.275872
1673623891.286623
1673623891.297231
1673623891.309170
1673623891.319792
1673623891.330784
1673623891.347675
1673623891.359767
1673623891.370472
1673623891.381331
1673623891.393034
1673623891.403664
1673623891.414818
1673623891.426606
1673623891.437210
1673623891.448208
1673623891.459660
1673623891.470253
1673623891.481606
1673623891.492973
1673623891.504380
1673623891.515802
1673623891.526399
1673623891.537430
1673623891.548142
1673623891.559862
1673623891.570531
1673623891.581494
1673623891.592937
1673623891.603565
1673623891.614096
1673623891.631788
1673623891.644459
1673623891.660317
1673623891.671043
1673623891.681914
1673623891.693364
1673623891.704000
1673623891.714461
1673623891.727122
1673623891.737807
1673623891.748641
1673623891.760300
1673623891.771121
1673623891.781821
1673623891.798346
1673623891.810090
1673623891.821470
1673623891.832929
1673623891.844087
1673623891.854734
1673623891.865592
1673623891.876302
1673623891.886950
1673623891.897865
1673623891.911242
1673623891.921865
1673623891.933246
1673623891.945175
1673623891.960576
1673623891.976920
1673623891.987535
1673623891.998527
1673623892.010167
1673623892.020733
1673623892.031538
1673623892.042565
1673623892.053144
1673623892.076968
1673623892.092455
1673623892.103347
1673623892.126434
1673623892.137103
1673623892.147731
1673623892.160610
1673623892.171706
1673623892.183531
1673623892.194790
1673623892.215201
1673623892.229886
1673623892.245185
1673623892.260394
1673623892.271123
1673623892.282036
1673623892.294013
1673623892.304788
1673623892.316192
1673623892.327518
1673623892.338158
1673623892.349119
1673623892.360840
1673623892.371476
1673623892.381939
1673623892.393486
1673623892.404123
1673623892.415401
1673623892.427483
1673623892.438558
1673623892.449775
1673623892.460324
1673623892.470957
1673623892.482287
1673623892.493423
1673623892.504044
1673623892.515425
1673623892.528202
1673623892.538828
1673623892.549767
1673623892.561326
1673623892.578038
1673623892.595759
1673623892.611804
1673623892.628667
1673623892.644590
1673623892.661012
1673623892.671668
1673623892.682607
1673623892.694984
1673623892.711318
1673623892.728148
1673623892.744590
1673623892.759743
1673623892.770340
1673623892.781364
1673623892.793046
1673623892.803640
1673623892.826307
1673623892.837236
1673623892.848120
1673623892.859503
1673623892.870048
1673623892.881387
1673623892.892932
1673623892.909448
1673623892.920235
1673623892.931688
1673623892.942957
1673623892.953562
1673623892.975845
1673623892.986587
1673623892.997475
1673623893.008870
1673623893.019406
1673623893.030174
1673623893.047578
1673623893.058144
1673623893.068674
1673623893.079382
1673623893.090045
1673623893.100607
1673623893.111595
1673623893.123041
1673623893.133554
1673623893.144874
1673623893.156114
1673623893.166679
1673623893.177809
1673623893.188924
1673623893.200000
1673623893.210713
1673623893.221205
1673623893.231629
1673623893.242988
1673623893.253622
1673623893.264088
1673623893.275423
1673623893.286127
1673623893.297084
1673623893.307663
1673623893.318224
1673623893.330850
1673623893.347238
1673623893.358614
1673623893.369488
1673623893.380509
1673623893.391895
1673623893.402474
1673623893.413219
1673623893.425842
1673623893.436422
1673623893.447720
1673623893.459102
1673623893.469714
1673623893.481036
1673623893.491462
1673623893.502346
1673623893.513079
1673623893.525446
1673623893.541331
1673623893.552391
1673623893.563504
1673623893.575657
1673623893.586408
1673623893.597092
1673623893.609149
1673623893.619841
1673623893.631192
1673623893.642626
1673623893.653199
1673623893.663615
1673623893.675597
1673623893.692634
1673623893.703213
1673623893.714257
1673623893.726400
1673623893.736985
1673623893.747493
1673623893.759338
1673623893.770223
1673623893.781206
1673623893.792402
1673623893.803008
1673623893.813613
1673623893.825771
1673623893.847591
1673623893.861437
1673623893.876998
1673623893.887547
1673623893.909686
1673623893.920745
1673623893.931557
1673623893.943296
1673623893.953855
1673623893.965350
1673623893.976534
1673623893.993312
1673623894.003909
1673623894.015109
1673623894.026815
1673623894.037366
1673623894.047819
1673623894.061236
1673623894.071904
1673623894.083084
1673623894.093897
1673623894.104980
1673623894.116309
1673623894.130452
1673623894.145161
1673623894.160687
1673623894.177536
1673623894.188129
1673623894.199474
1673623894.210815
1673623894.221373
1673623894.232386
1673623894.245194
1673623894.261919
1673623894.279331
1673623894.295693
1673623894.311378
1673623894.328466
1673623894.345826
1673623894.360420
1673623894.371125
1673623894.381923
1673623894.394151
1673623894.404710
1673623894.416691
1673623894.432689
1673623894.445604
1673623894.461609
1673623894.478989
1673623894.494421
1673623894.510390
1673623894.521805
1673623894.546160
1673623894.561916
1673623894.578182
1673623894.594638
1673623894.612452
1673623894.628109
1673623894.644689
1673623894.660551
1673623894.671505
1673623894.682445
1673623894.695483
1673623894.713075
1673623894.729508
1673623894.746248
1673623894.762936
1673623894.778930
1673623894.795238
1673623894.811937
1673623894.829538
1673623894.845936
1673623894.863952
1673623894.878786
1673623894.895234
1673623894.913757
1673623894.929229
1673623894.945736
1673623894.965443
1673623894.981221
1673623894.997413
1673623895.014326
1673623895.030522
1673623895.047479
1673623895.064521
1673623895.081005
1673623895.097741
1673623895.112494
1673623895.129800
1673623895.146779
1673623895.160160
1673623895.170713
1673623895.181689
1673623895.194162
1673623895.205285
1673623895.215986
1673623895.226750
1673623895.238802
1673623895.250172
1673623895.261222
1673623895.278425
1673623895.295367
1673623895.311368
1673623895.327380
1673623895.338434
1673623895.350392
1673623895.361223
1673623895.372197
1673623895.383283
1673623895.394605
1673623895.410848
1673623895.422021
1673623895.433151
1673623895.449233
1673623895.460895
1673623895.472155
1673623895.483650
1673623895.494648
1673623895.510115
1673623895.520678
1673623895.531991
1673623895.543510
1673623895.554003
1673623895.565198
1673623895.577541
1673623895.588658
1673623895.599786
1673623895.611181
1673623895.626841
1673623895.637717
1673623895.648955
1673623895.661328
1673623895.678041
1673623895.694810
1673623895.711545
1673623895.727950
1673623895.747588
1673623895.762959
1673623895.778804
1673623895.795661
1673623895.814131
1673623895.830291
1673623895.847650
1673623895.863777
1673623895.879944
1673623895.896523
1673623895.913579
1673623895.929218
1673623895.945605
1673623895.962979
1673623895.979496
1673623895.995467
1673623896.013671
1673623896.031409
1673623896.048487
1673623896.065208
1673623896.077763
1673623896.094418
1673623896.111683
1673623896.126855
1673623896.137448
1673623896.148797
1673623896.159727
1673623896.170327
1673623896.181061
1673623896.193464
1673623896.204298
1673623896.214929
1673623896.226626
1673623896.237585
1673623896.250101
1673623896.260969
1673623896.272198
1673623896.283353
1673623896.295731
1673623896.311499
1673623896.326846
1673623896.337426
1673623896.348878
1673623896.362190
1673623896.378644
1673623896.394517
1673623896.411217
1673623896.428765
1673623896.446169
1673623896.462169
1673623896.478944
1673623896.495896
1673623896.514676
1673623896.528212
1673623896.546758
1673623896.563335
1673623896.580126
1673623896.597103
1673623896.614193
1673623896.630681
1673623896.648066
1673623896.663825
1673623896.680662
1673623896.698090
1673623896.714794
1673623896.730690
1673623896.749176
1673623896.764740
1673623896.781700
1673623896.797653
1673623896.813906
1673623896.830424
1673623896.846692
1673623896.863676
1673623896.881105
1673623896.896544
1673623896.913731
1673623896.930537
1673623896.946936
1673623896.959562
1673623896.970311
1673623896.981462
1673623896.992757
1673623897.003257
1673623897.014902
1673623897.026584
1673623897.037337
1673623897.048005
1673623897.060786
1673623897.071491
1673623897.082728
1673623897.094016
1673623897.104559
1673623897.115032
1673623897.126231
1673623897.137009
1673623897.148292
1673623897.159570
1673623897.170099
1673623897.181698
1673623897.192910
1673623897.203478
1673623897.214317
1673623897.231174
1673623897.245478
1673623897.262105
1673623897.279352
1673623897.294055
1673623897.304669
1673623897.315514
1673623897.327947
1673623897.338934
1673623897.349745
1673623897.360219
1673623897.371136
1673623897.382094
1673623897.393490
1673623897.404113
1673623897.415038
1673623897.426817
1673623897.437401
1673623897.448463
1673623897.460097
1673623897.471306
1673623897.482371
1673623897.494365
1673623897.505990
1673623897.516518
1673623897.528794
1673623897.545481
1673623897.561998
1673623897.579083
1673623897.595642
1673623897.612289
1673623897.628837
1673623897.645313
1673623897.662792
1673623897.679446
1673623897.696381
1673623897.712880
1673623897.728908
1673623897.745711
1673623897.762711
1673623897.778935
1673623897.797566
1673623897.813421
1673623897.829886
1673623897.846607
1673623897.864294
1673623897.880752
1673623897.896595
1673623897.913401
1673623897.930214
1673623897.946570
1673623897.963070
1673623897.980042
1673623897.996583
1673623898.014051
1673623898.030248
1673623898.046371
1673623898.063581
1673623898.081853
1673623898.097642
1673623898.114196
1673623898.130590
1673623898.147157
1673623898.163696
1673623898.181767
1673623898.198690
1673623898.214443
1673623898.230905
1673623898.247782
1673623898.264180
1673623898.280144
1673623898.297385
1673623898.314139
1673623898.330435
1673623898.347713
1673623898.364219
1673623898.380330
1673623898.397284
1673623898.413667
1673623898.430018
1673623898.447778
1673623898.464150
1673623898.478842
1673623898.495456
1673623898.512283
1673623898.529875
1673623898.545929
1673623898.561905
1673623898.579734
1673623898.595218
1673623898.612103
1673623898.628427
1673623898.645273
1673623898.661851
1673623898.678115
1673623898.695448
1673623898.712600
1673623898.730132
1673623898.748820
1673623898.763188
1673623898.779912
1673623898.796637
1673623898.813231
1673623898.830522
1673623898.846544
1673623898.863842
1673623898.880103
1673623898.896321
1673623898.913293
