1673689602.714828
1673689602.737361
1673689602.760128
1673689602.782744
1673689602.805087
1673689602.827735
1673689602.850634
1673689602.874689
1673689602.897760
1673689602.922053
1673689602.944045
1673689602.966919
1673689602.988404
1673689603.010745
1673689603.033145
1673689603.056156
1673689603.080215
1673689603.103394
1673689603.125539
1673689603.148487
1673689603.171690
1673689603.194385
1673689603.217050
1673689603.240446
1673689603.264596
1673689603.286631
1673689603.308817
1673689603.332494
1673689603.354788
1673689603.376989
1673689603.399150
1673689603.423116
1673689603.447912
1673689603.470419
1673689603.493316
1673689603.516487
1673689603.538662
1673689603.561472
1673689603.588839
1673689603.616596
1673689603.639934
1673689603.666424
1673689603.689819
1673689603.721948
1673689603.745179
1673689603.771864
1673689603.799819
1673689603.823139
1673689603.849666
1673689603.873171
1673689603.899734
1673689603.922702
1673689603.949249
1673689603.971687
1673689603.994887
1673689604.021844
1673689604.045068
1673689604.071800
1673689604.105874
1673689604.138824
1673689604.161514
1673689604.188466
1673689604.221371
1673689604.244009
1673689604.266420
1673689604.305094
1673689604.328474
1673689604.355080
1673689604.382779
1673689604.406839
1673689604.438774
1673689604.461544
1673689604.489014
1673689604.515906
1673689604.538521
1673689604.571542
1673689604.605181
1673689604.638310
1673689604.661379
1673689604.688387
1673689604.716432
1673689604.739843
1673689604.771820
1673689604.794391
1673689604.816814
1673689604.840359
1673689604.872612
1673689604.906267
1673689604.938982
1673689604.971104
1673689604.993194
1673689605.017280
1673689605.041190
1673689605.072519
1673689605.105894
1673689605.138822
1673689605.166360
1673689605.189542
1673689605.212055
1673689605.239036
1673689605.266044
1673689605.288408
1673689605.310819
1673689605.332874
1673689605.355341
1673689605.382493
1673689605.405017
1673689605.427799
1673689605.454706
1673689605.477586
1673689605.500354
1673689605.523711
1673689605.548731
1673689605.571255
1673689605.594357
1673689605.620392
1673689605.643556
1673689605.666077
1673689605.689284
1673689605.712766
1673689605.737393
1673689605.760384
1673689605.783300
1673689605.807113
1673689605.832943
1673689605.855892
1673689605.882557
1673689605.905934
1673689605.932922
1673689605.955870
1673689605.982658
1673689606.005591
1673689606.028723
1673689606.054685
1673689606.077601
1673689606.104532
1673689606.127844
1673689606.150711
1673689606.174341
1673689606.199265
1673689606.222672
1673689606.245339
1673689606.271950
1673689606.294489
1673689606.316849
1673689606.340026
1673689606.366613
1673689606.389971
1673689606.416958
1673689606.439924
1673689606.466625
1673689606.489969
1673689606.516933
1673689606.539909
1673689606.566520
1673689606.589922
1673689606.616937
1673689606.639910
1673689606.666506
1673689606.689806
1673689606.716930
1673689606.739867
1673689606.766519
1673689606.789784
1673689606.816919
1673689606.840996
1673689606.866489
1673689606.889841
1673689606.916719
1673689606.940859
1673689606.966272
1673689606.988377
1673689607.010864
1673689607.038571
1673689607.061457
1673689607.088547
1673689607.111613
1673689607.138452
1673689607.161455
1673689607.188330
1673689607.211563
1673689607.238482
1673689607.261386
1673689607.288334
1673689607.316536
1673689607.339700
1673689607.366443
1673689607.389626
1673689607.416369
1673689607.439583
1673689607.466157
1673689607.488349
1673689607.511616
1673689607.538230
1673689607.561264
1673689607.584157
1673689607.607442
1673689607.633040
1673689607.656142
1673689607.682870
1673689607.707388
1673689607.733276
1673689607.756191
1673689607.787686
1673689607.810566
1673689607.832946
1673689607.856128
1673689607.882656
1673689607.904926
1673689607.927391
1673689607.950321
1673689607.973715
1673689607.999341
1673689608.022815
1673689608.049369
1673689608.073600
1673689608.099574
1673689608.122964
1673689608.149227
1673689608.173798
1673689608.198425
1673689608.237400
1673689608.270263
1673689608.303721
1673689608.337237
1673689608.360242
1673689608.384097
1673689608.407245
1673689608.429879
1673689608.451588
1673689608.473501
1673689608.496146
1673689608.519412
1673689608.542570
1673689608.565140
1673689608.587376
1673689608.609828
1673689608.633084
1673689608.657050
1673689608.679476
1673689608.702118
1673689608.724259
1673689608.748228
1673689608.770653
1673689608.793005
1673689608.816385
1673689608.851927
1673689608.884834
1673689608.917972
1673689608.951774
1673689608.984583
1673689609.018289
1673689609.051610
1673689609.086861
1673689609.119415
1673689609.152227
1673689609.186636
1673689609.219387
1673689609.252400
1673689609.286312
1673689609.319236
1673689609.352276
1673689609.386195
1673689609.420295
1673689609.452812
1673689609.486195
1673689609.513755
1673689609.536779
1673689609.570376
1673689609.603529
1673689609.636253
1673689609.670847
1673689609.703475
1673689609.737042
1673689609.771056
1673689609.803948
1673689609.837306
1673689609.870548
1673689609.903213
1673689609.937345
1673689609.970237
1673689610.002985
1673689610.030954
1673689610.052958
1673689610.075532
1673689610.097558
1673689610.119908
1673689610.142039
1673689610.164388
1673689610.187635
1673689610.210722
1673689610.233489
1673689610.257565
1673689610.280922
1673689610.302882
1673689610.326311
1673689610.349313
1673689610.372288
1673689610.394552
1673689610.419500
1673689610.441694
1673689610.464534
1673689610.487235
1673689610.511234
1673689610.533369
1673689610.556084
1673689610.579121
1673689610.603908
1673689610.627245
1673689610.649726
1673689610.673228
1673689610.698686
1673689610.721750
1673689610.745018
1673689610.770480
1673689610.793196
1673689610.815661
1673689610.837944
1673689610.861279
1673689610.884057
1673689610.907157
1673689610.931810
1673689610.955279
1673689610.978326
1673689611.002731
1673689611.024841
1673689611.048530
1673689611.071728
1673689611.094639
1673689611.117311
1673689611.140729
1673689611.162624
1673689611.184555
1673689611.207000
1673689611.229498
1673689611.252840
1673689611.275879
1673689611.299015
1673689611.322639
1673689611.345311
1673689611.368697
1673689611.392634
1673689611.415721
1673689611.438115
1673689611.460620
1673689611.483931
1673689611.507012
1673689611.529462
1673689611.552166
1673689611.575430
1673689611.597494
1673689611.621012
1673689611.643857
1673689611.668625
1673689611.691158
1673689611.715005
1673689611.738412
1673689611.762145
1673689611.785293
1673689611.807894
1673689611.829996
1673689611.852860
1673689611.875497
1673689611.897689
1673689611.920965
1673689611.943700
1673689611.966277
1673689611.987986
1673689612.013578
1673689612.035757
1673689612.057804
1673689612.080520
1673689612.103626
1673689612.126540
1673689612.149481
1673689612.172508
1673689612.195866
1673689612.218903
1673689612.241006
1673689612.263637
1673689612.286750
1673689612.308674
1673689612.331223
1673689612.354980
1673689612.377553
1673689612.400167
1673689612.422312
1673689612.445738
1673689612.469805
1673689612.491809
1673689612.514462
1673689612.537832
1673689612.561221
1673689612.583823
1673689612.606821
1673689612.631351
1673689612.654728
1673689612.677809
1673689612.700368
1673689612.724772
1673689612.747952
1673689612.771021
1673689612.793174
1673689612.816774
1673689612.838969
1673689612.861213
1673689612.886562
1673689612.909673
1673689612.932387
1673689612.955894
1673689612.980461
1673689613.002773
1673689613.025464
1673689613.048651
1673689613.072380
1673689613.095676
1673689613.118786
1673689613.141683
1673689613.165173
1673689613.188068
1673689613.211018
1673689613.233228
1673689613.256389
1673689613.280312
1673689613.303415
1673689613.326228
1673689613.349318
1673689613.372255
1673689613.394621
1673689613.417594
1673689613.441295
1673689613.464242
1673689613.486809
1673689613.510057
1673689613.535444
1673689613.557872
1673689613.581076
1673689613.604378
1673689613.626532
1673689613.651965
1673689613.675178
1673689613.698552
1673689613.721227
1673689613.744288
1673689613.766601
1673689613.790999
1673689613.813475
1673689613.836070
1673689613.859223
1673689613.881754
1673689613.904588
1673689613.927201
1673689613.950745
1673689613.973675
1673689613.997464
1673689614.020120
1673689614.052038
1673689614.074510
1673689614.096746
1673689614.119352
1673689614.142485
1673689614.169084
1673689614.191368
1673689614.213760
1673689614.236025
1673689614.259040
1673689614.281690
1673689614.304887
1673689614.329388
1673689614.353010
1673689614.375517
1673689614.397988
1673689614.422083
1673689614.445222
1673689614.468536
1673689614.491424
1673689614.514299
1673689614.537458
1673689614.560466
1673689614.583202
1673689614.606142
1673689614.629595
1673689614.652966
1673689614.676771
1673689614.699863
1673689614.722872
1673689614.747359
1673689614.770500
1673689614.793470
1673689614.816197
1673689614.838172
1673689614.861226
1673689614.883385
1673689614.906123
1673689614.929329
1673689614.952686
1673689614.974603
1673689614.997388
1673689615.021561
1673689615.044587
1673689615.066975
1673689615.090527
1673689615.113118
1673689615.136136
1673689615.158768
1673689615.181248
1673689615.204094
1673689615.226801
1673689615.249903
1673689615.272402
1673689615.296520
1673689615.319459
1673689615.342585
1673689615.365208
1673689615.388116
1673689615.411153
1673689615.433549
1673689615.457034
1673689615.480807
1673689615.503984
1673689615.527149
1673689615.551234
1673689615.573227
1673689615.596238
1673689615.619216
1673689615.642059
1673689615.664994
1673689615.687039
1673689615.709273
1673689615.732633
1673689615.754678
1673689615.776922
1673689615.799411
1673689615.823452
1673689615.846637
1673689615.868694
1673689615.890765
1673689615.914637
1673689615.937059
1673689615.960070
1673689615.982727
1673689616.006334
1673689616.029602
1673689616.052018
1673689616.074845
1673689616.096853
1673689616.119850
1673689616.143014
1673689616.166540
1673689616.188932
1673689616.211813
1673689616.235234
1673689616.257752
1673689616.279394
1673689616.302021
1673689616.323812
1673689616.346055
1673689616.368760
1673689616.390728
1673689616.413189
1673689616.436519
1673689616.459422
1673689616.482284
1673689616.505117
1673689616.527749
1673689616.550820
1673689616.573162
1673689616.596616
1673689616.618971
1673689616.641788
1673689616.664450
1673689616.687652
1673689616.709942
1673689616.732456
1673689616.754663
1673689616.777500
1673689616.799567
1673689616.822970
1673689616.845367
1673689616.868513
1673689616.890614
1673689616.913082
1673689616.936281
1673689616.960513
1673689616.983486
1673689617.006735
1673689617.029315
1673689617.051717
1673689617.073577
1673689617.096333
1673689617.119610
1673689617.142380
1673689617.165140
1673689617.187338
1673689617.211041
1673689617.233088
1673689617.256017
1673689617.278688
1673689617.302180
1673689617.324714
1673689617.347530
1673689617.369655
1673689617.392193
1673689617.415198
1673689617.437186
1673689617.459757
1673689617.482399
1673689617.504053
1673689617.526157
1673689617.549475
1673689617.572010
1673689617.594784
1673689617.617228
1673689617.641178
1673689617.663983
1673689617.686124
1673689617.707916
1673689617.731005
1673689617.753691
1673689617.776628
1673689617.799580
1673689617.824001
1673689617.846287
1673689617.868399
1673689617.891094
1673689617.914029
1673689617.937198
1673689617.959315
1673689617.981862
1673689618.005879
1673689618.028606
1673689618.051721
1673689618.074476
1673689618.097111
1673689618.119225
1673689618.141176
1673689618.163629
1673689618.185780
1673689618.207809
1673689618.230357
1673689618.253640
1673689618.276481
1673689618.299342
1673689618.321886
1673689618.345672
1673689618.368151
1673689618.390878
1673689618.413002
1673689618.435923
1673689618.458555
1673689618.481229
1673689618.503754
1673689618.526173
1673689618.548295
1673689618.570072
1673689618.592636
1673689618.615070
1673689618.637006
1673689618.659077
1673689618.683780
1673689618.707072
1673689618.729057
1673689618.752385
1673689618.775324
1673689618.798071
1673689618.820188
1673689618.842317
1673689618.864904
1673689618.886899
1673689618.909832
1673689618.932313
1673689618.956766
1673689618.978996
1673689619.000936
1673689619.024317
1673689619.047902
1673689619.071311
1673689619.093219
1673689619.116210
1673689619.139728
1673689619.162582
1673689619.184408
1673689619.208380
1673689619.231649
1673689619.254619
1673689619.277252
1673689619.299992
1673689619.323155
1673689619.345850
1673689619.368065
1673689619.391602
1673689619.414632
1673689619.436934
1673689619.459848
1673689619.482425
1673689619.505493
1673689619.527915
1673689619.550185
1673689619.573088
1673689619.596197
1673689619.618906
1673689619.642054
1673689619.664395
1673689619.686694
1673689619.709017
1673689619.732347
1673689619.755086
1673689619.778229
1673689619.800072
1673689619.824304
1673689619.847262
1673689619.870098
1673689619.892272
1673689619.915056
1673689619.937692
1673689619.960135
1673689619.982276
1673689620.005393
1673689620.027233
1673689620.050105
1673689620.072431
1673689620.096383
1673689620.118249
1673689620.140895
1673689620.164319
1673689620.186946
1673689620.208872
1673689620.232118
1673689620.255063
1673689620.277902
1673689620.301062
1673689620.323996
1673689620.347152
1673689620.369893
1673689620.392248
1673689620.415492
1673689620.438926
1673689620.461199
1673689620.483126
1673689620.505672
1673689620.529029
1673689620.552039
1673689620.575072
1673689620.597624
1673689620.620470
1673689620.643259
1673689620.665462
1673689620.688808
1673689620.711411
1673689620.734046
1673689620.756672
1673689620.779623
1673689620.801847
1673689620.824932
1673689620.846934
1673689620.869967
1673689620.891890
1673689620.914448
1673689620.936853
1673689620.960132
1673689620.983265
1673689621.005374
1673689621.028522
1673689621.051751
1673689621.073408
1673689621.096017
1673689621.118719
1673689621.141241
1673689621.163253
1673689621.185178
1673689621.208364
1673689621.230715
1673689621.253525
1673689621.275746
1673689621.298403
1673689621.321047
1673689621.343153
1673689621.365641
1673689621.388120
1673689621.410810
1673689621.432814
1673689621.455494
1673689621.479642
1673689621.502887
1673689621.524567
1673689621.547405
1673689621.570835
1673689621.592845
1673689621.616122
1673689621.639390
1673689621.661858
1673689621.684268
1673689621.706858
1673689621.729505
1673689621.751884
1673689621.774514
1673689621.796371
1673689621.820605
1673689621.843010
1673689621.865149
1673689621.887869
1673689621.910882
1673689621.933722
1673689621.956699
1673689621.979642
1673689622.002486
1673689622.024501
1673689622.046584
1673689622.068545
1673689622.091186
1673689622.113097
1673689622.135436
1673689622.162278
1673689622.185065
1673689622.207034
1673689622.229609
1673689622.252716
1673689622.274255
1673689622.296695
1673689622.318094
1673689622.343330
1673689622.365987
1673689622.388019
1673689622.410546
1673689622.432972
1673689622.455546
1673689622.477957
1673689622.500328
1673689622.523986
1673689622.546886
1673689622.569170
1673689622.591748
1673689622.615304
1673689622.638514
1673689622.663489
1673689622.686548
1673689622.709445
1673689622.731254
1673689622.754091
1673689622.777183
1673689622.799661
1673689622.823418
1673689622.845394
1673689622.868287
1673689622.890527
1673689622.913038
1673689622.935061
1673689622.957647
1673689622.979822
1673689623.001264
1673689623.023095
1673689623.045727
1673689623.067584
1673689623.090312
1673689623.112405
1673689623.138525
1673689623.161160
1673689623.183336
1673689623.207458
1673689623.229425
1673689623.251146
1673689623.273546
1673689623.297010
1673689623.318826
1673689623.341066
1673689623.363842
1673689623.386657
1673689623.409024
1673689623.431278
1673689623.453287
1673689623.476978
1673689623.499860
1673689623.521834
1673689623.544365
1673689623.567582
1673689623.589954
1673689623.611705
1673689623.634123
1673689623.656533
1673689623.678790
1673689623.701302
1673689623.724126
1673689623.746129
1673689623.768535
1673689623.790778
1673689623.813272
1673689623.835394
1673689623.857646
1673689623.879682
1673689623.902771
1673689623.925627
1673689623.947690
1673689623.970445
1673689623.993348
1673689624.015426
1673689624.037567
1673689624.059707
1673689624.082160
1673689624.105053
1673689624.128109
1673689624.150675
1673689624.173553
1673689624.195781
1673689624.218782
1673689624.242595
1673689624.264513
1673689624.287628
1673689624.310802
1673689624.334261
1673689624.356604
1673689624.378836
1673689624.400711
1673689624.424102
1673689624.446423
1673689624.468623
1673689624.491273
1673689624.514150
1673689624.537191
1673689624.559229
1673689624.581072
1673689624.605544
1673689624.628567
1673689624.650806
1673689624.673927
1673689624.696479
1673689624.718422
1673689624.740475
1673689624.762948
1673689624.785195
1673689624.807030
1673689624.829045
1673689624.852762
1673689624.875276
1673689624.897197
1673689624.919475
1673689624.943194
1673689624.966202
1673689624.988539
1673689625.011088
1673689625.033672
1673689625.056009
1673689625.078069
1673689625.100521
1673689625.124169
1673689625.146365
1673689625.168508
1673689625.190851
1673689625.212860
1673689625.235250
1673689625.257375
1673689625.280613
1673689625.302878
1673689625.325491
1673689625.348144
1673689625.370804
1673689625.392868
1673689625.415546
1673689625.438827
1673689625.462042
1673689625.484744
1673689625.507390
1673689625.529368
1673689625.552702
1673689625.575325
1673689625.598181
1673689625.621327
1673689625.645133
1673689625.668478
1673689625.691560
1673689625.714819
1673689625.738108
1673689625.761208
1673689625.784829
1673689625.808359
1673689625.831371
1673689625.854766
1673689625.876497
1673689625.899113
1673689625.922290
1673689625.945179
1673689625.968705
1673689625.992818
1673689626.015100
1673689626.038802
1673689626.062007
1673689626.084863
1673689626.107680
1673689626.129921
1673689626.152634
1673689626.175581
1673689626.198206
1673689626.221221
1673689626.244979
1673689626.268288
1673689626.291055
1673689626.313147
1673689626.336483
1673689626.359433
1673689626.382121
1673689626.405210
1673689626.428366
1673689626.451687
1673689626.476923
1673689626.499953
1673689626.523946
1673689626.546316
1673689626.569215
1673689626.591240
1673689626.614446
1673689626.637515
1673689626.660530
1673689626.682388
1673689626.706792
1673689626.729170
1673689626.751503
1673689626.774672
1673689626.797185
1673689626.820599
1673689626.843508
1673689626.866772
1673689626.889635
1673689626.912763
1673689626.934871
1673689626.957750
1673689626.980245
1673689627.002926
1673689627.025664
1673689627.048578
1673689627.071891
1673689627.094775
1673689627.117574
1673689627.141137
1673689627.163526
1673689627.186111
1673689627.208048
1673689627.230947
1673689627.253200
1673689627.275952
1673689627.298970
1673689627.322192
1673689627.344727
1673689627.367860
1673689627.392355
1673689627.414454
1673689627.436712
1673689627.459595
1673689627.483105
1673689627.506305
1673689627.529060
1673689627.552147
1673689627.575410
1673689627.597310
1673689627.619469
1673689627.642152
1673689627.665484
1673689627.688778
1673689627.711458
1673689627.734133
1673689627.758000
1673689627.779979
1673689627.802856
1673689627.825575
1673689627.847642
1673689627.869913
1673689627.892654
1673689627.915184
1673689627.938462
1673689627.960980
1673689627.984332
1673689628.008184
1673689628.030331
1673689628.052640
1673689628.075050
1673689628.098132
1673689628.121148
1673689628.143188
1673689628.166384
1673689628.189096
1673689628.211506
1673689628.234119
1673689628.256692
1673689628.280183
1673689628.302231
1673689628.324710
1673689628.347858
1673689628.369385
1673689628.392083
1673689628.414138
1673689628.437462
1673689628.460091
1673689628.481879
1673689628.504445
1673689628.527695
1673689628.550538
1673689628.572845
1673689628.594733
1673689628.617333
1673689628.640175
1673689628.662971
1673689628.685312
1673689628.708402
1673689628.730637
1673689628.753064
1673689628.776885
1673689628.799837
1673689628.822829
1673689628.845037
1673689628.868646
1673689628.891268
1673689628.913227
1673689628.935399
1673689628.958428
1673689628.980462
1673689629.002852
1673689629.025404
1673689629.048310
1673689629.071589
1673689629.094589
1673689629.117099
1673689629.140941
1673689629.163065
1673689629.185860
1673689629.208058
1673689629.230523
1673689629.252823
1673689629.275340
1673689629.297783
1673689629.320222
1673689629.342185
1673689629.365032
1673689629.388763
1673689629.412152
1673689629.434904
1673689629.457289
1673689629.480290
1673689629.502738
1673689629.525292
1673689629.547205
1673689629.570092
1673689629.592324
1673689629.614881
1673689629.638153
1673689629.660738
1673689629.683838
1673689629.707106
1673689629.729228
1673689629.752339
1673689629.774967
1673689629.797118
1673689629.820326
1673689629.843080
1673689629.865728
1673689629.889013
1673689629.911903
1673689629.934819
1673689629.957125
1673689629.979236
1673689630.002620
1673689630.024922
1673689630.046948
1673689630.069245
1673689630.092228
1673689630.113669
1673689630.136037
1673689630.158247
1673689630.181634
1673689630.203966
1673689630.227087
1673689630.250033
1673689630.275848
1673689630.298012
1673689630.321061
1673689630.343670
1673689630.365612
1673689630.387962
1673689630.409536
1673689630.432076
1673689630.454326
1673689630.477057
1673689630.498956
1673689630.523221
1673689630.545528
1673689630.568341
1673689630.590834
1673689630.614071
1673689630.636174
1673689630.657953
1673689630.680066
1673689630.702082
1673689630.724528
1673689630.746139
1673689630.767806
1673689630.790174
1673689630.812102
1673689630.834825
1673689630.858622
1673689630.881093
1673689630.903500
1673689630.925768
1673689630.948712
1673689630.971621
1673689630.994799
1673689631.016387
1673689631.038946
1673689631.060806
1673689631.083711
1673689631.106151
1673689631.129133
1673689631.151251
1673689631.173566
1673689631.195709
1673689631.218917
1673689631.242874
1673689631.265110
1673689631.287192
1673689631.310171
1673689631.332138
1673689631.354690
1673689631.378098
1673689631.399878
1673689631.423687
1673689631.446301
1673689631.469022
1673689631.491621
1673689631.513950
1673689631.535961
1673689631.560082
1673689631.583135
1673689631.605960
1673689631.628845
1673689631.651678
1673689631.674742
1673689631.696491
1673689631.718673
1673689631.741165
1673689631.763207
1673689631.785401
1673689631.807954
1673689631.830954
1673689631.852221
1673689631.874462
1673689631.897425
1673689631.919913
1673689631.942384
1673689631.964120
1673689631.988254
1673689632.011406
1673689632.032892
1673689632.055687
1673689632.078335
1673689632.099903
1673689632.122559
1673689632.146536
1673689632.168360
1673689632.191157
1673689632.212912
1673689632.235037
1673689632.257310
1673689632.279291
1673689632.301483
1673689632.323710
1673689632.346879
1673689632.368968
1673689632.391245
1673689632.413235
1673689632.435527
1673689632.457694
1673689632.479873
1673689632.502671
1673689632.524890
1673689632.547211
1673689632.569559
1673689632.592949
1673689632.615098
1673689632.638124
1673689632.660632
1673689632.683766
1673689632.706793
1673689632.728677
1673689632.750762
1673689632.773312
1673689632.795555
1673689632.818020
1673689632.840538
1673689632.862619
1673689632.884366
1673689632.907098
1673689632.930172
1673689632.952011
1673689632.974278
1673689632.996138
1673689633.019138
1673689633.041817
1673689633.064841
1673689633.086914
1673689633.109970
1673689633.132758
1673689633.155368
1673689633.178102
1673689633.200852
1673689633.223161
1673689633.244890
1673689633.266718
1673689633.290008
1673689633.311917
1673689633.334391
1673689633.356888
1673689633.379049
1673689633.401234
1673689633.423645
1673689633.446707
1673689633.468856
1673689633.491238
1673689633.513851
1673689633.536251
1673689633.559033
1673689633.581336
1673689633.604013
1673689633.627252
1673689633.649894
1673689633.672254
1673689633.695333
1673689633.718492
1673689633.740723
1673689633.762743
1673689633.785098
1673689633.808001
1673689633.830264
1673689633.852079
1673689633.874642
1673689633.896570
1673689633.919038
1673689633.941103
1673689633.963535
1673689633.985763
1673689634.008031
1673689634.030276
1673689634.053896
1673689634.076095
1673689634.097992
1673689634.119881
1673689634.142092
1673689634.163383
1673689634.185328
1673689634.207768
1673689634.231160
1673689634.252982
1673689634.275969
1673689634.298133
1673689634.321304
1673689634.343878
1673689634.365652
1673689634.388752
1673689634.411610
1673689634.434535
1673689634.456302
1673689634.479405
1673689634.501403
1673689634.523848
1673689634.545861
1673689634.568291
1673689634.590721
1673689634.612665
1673689634.634989
1673689634.659090
1673689634.681114
1673689634.704107
1673689634.727112
1673689634.749629
1673689634.772214
1673689634.794530
1673689634.816436
1673689634.839662
1673689634.862377
1673689634.883883
1673689634.907036
1673689634.928815
1673689634.951177
1673689634.973388
1673689634.997720
1673689635.020626
1673689635.042602
1673689635.064391
1673689635.087750
1673689635.110337
1673689635.132094
1673689635.154706
1673689635.177557
1673689635.199700
1673689635.221295
1673689635.243387
1673689635.266276
1673689635.288857
1673689635.310294
1673689635.331913
1673689635.355465
1673689635.377561
1673689635.399477
1673689635.422760
1673689635.445145
1673689635.467740
1673689635.490575
1673689635.513288
1673689635.535174
1673689635.556904
1673689635.578698
1673689635.601765
1673689635.623556
1673689635.644526
1673689635.666949
1673689635.690741
1673689635.712213
1673689635.734013
1673689635.756338
1673689635.779768
1673689635.801791
1673689635.824376
1673689635.846694
1673689635.870435
1673689635.892808
1673689635.915137
1673689635.937393
1673689635.958710
1673689635.981208
1673689636.003572
1673689636.027016
1673689636.048539
1673689636.070581
1673689636.093012
1673689636.115411
1673689636.137580
1673689636.159692
1673689636.181961
1673689636.205041
1673689636.227665
1673689636.249612
1673689636.271871
1673689636.294287
1673689636.316403
1673689636.337960
1673689636.360192
1673689636.383518
1673689636.405478
1673689636.427074
1673689636.449617
1673689636.472074
1673689636.494171
1673689636.516287
1673689636.539640
1673689636.561482
1673689636.584234
1673689636.607099
1673689636.628749
1673689636.651072
1673689636.673007
1673689636.695132
1673689636.718648
1673689636.740924
1673689636.763076
1673689636.785045
1673689636.807722
1673689636.830100
1673689636.852334
1673689636.874632
1673689636.897192
1673689636.919042
1673689636.941072
1673689636.964108
1673689636.986169
1673689637.008567
1673689637.030130
1673689637.053029
1673689637.075403
1673689637.097259
1673689637.120051
1673689637.142826
1673689637.164977
1673689637.187613
1673689637.209982
1673689637.232942
1673689637.255304
1673689637.277341
1673689637.299224
1673689637.322558
1673689637.344366
1673689637.366006
1673689637.389663
1673689637.412627
1673689637.434873
1673689637.457553
1673689637.480515
1673689637.502781
1673689637.525375
1673689637.548357
1673689637.571582
1673689637.594233
1673689637.616140
1673689637.638355
1673689637.661669
1673689637.683618
1673689637.705391
1673689637.726949
1673689637.749894
1673689637.772184
1673689637.795364
1673689637.817585
1673689637.840921
1673689637.863495
1673689637.885513
1673689637.908144
1673689637.930596
1673689637.953427
1673689637.976352
1673689637.999126
1673689638.021691
1673689638.044313
1673689638.066322
1673689638.089467
1673689638.110938
1673689638.132794
1673689638.155342
1673689638.178544
1673689638.200848
1673689638.223280
1673689638.245393
1673689638.268051
1673689638.290339
1673689638.312352
1673689638.334831
1673689638.358046
1673689638.380101
1673689638.402347
1673689638.426051
1673689638.448049
1673689638.470106
1673689638.492352
1673689638.514579
1673689638.537563
1673689638.560357
1673689638.581870
1673689638.605294
1673689638.627438
1673689638.650450
1673689638.672715
1673689638.695665
1673689638.717606
1673689638.740059
1673689638.761765
1673689638.784613
1673689638.806710
1673689638.828495
1673689638.850725
1673689638.873248
1673689638.895154
1673689638.916922
1673689638.939714
1673689638.961074
1673689638.983406
1673689639.005198
1673689639.027608
1673689639.050150
1673689639.072151
1673689639.093971
1673689639.117147
1673689639.139236
1673689639.160978
1673689639.183420
1673689639.205870
1673689639.228218
1673689639.249998
1673689639.271894
1673689639.294798
1673689639.316561
1673689639.339168
1673689639.360943
1673689639.383993
1673689639.406658
1673689639.428469
1673689639.451713
1673689639.473953
1673689639.495334
1673689639.516929
1673689639.539418
1673689639.561750
1673689639.584149
1673689639.605408
1673689639.628199
1673689639.649931
1673689639.672107
1673689639.695099
1673689639.718024
1673689639.739952
1673689639.761727
1673689639.783297
1673689639.805531
1673689639.827746
1673689639.849424
1673689639.871118
1673689639.893974
1673689639.916397
1673689639.938892
1673689639.961631
1673689639.983337
1673689640.005002
1673689640.027006
1673689640.048965
1673689640.071110
1673689640.092943
1673689640.115084
1673689640.138643
1673689640.160620
1673689640.182353
1673689640.204272
1673689640.227558
1673689640.249373
1673689640.271623
1673689640.294200
1673689640.316057
1673689640.338642
1673689640.361246
1673689640.382881
1673689640.404928
1673689640.427793
1673689640.449340
1673689640.472677
1673689640.494083
1673689640.516890
1673689640.539429
1673689640.561533
1673689640.583166
1673689640.605274
1673689640.627429
1673689640.649710
1673689640.671863
1673689640.694388
1673689640.715784
1673689640.737792
1673689640.759750
1673689640.781466
1673689640.803719
1673689640.827561
1673689640.850229
1673689640.872048
1673689640.894555
1673689640.915812
1673689640.938288
1673689640.960780
1673689640.983436
1673689641.005295
1673689641.027766
1673689641.049972
1673689641.072603
1673689641.094489
1673689641.116053
1673689641.137998
1673689641.160830
1673689641.183760
1673689641.205459
1673689641.228297
1673689641.250691
1673689641.272919
1673689641.295064
1673689641.316905
1673689641.339901
1673689641.361253
1673689641.383479
1673689641.405646
1673689641.427755
1673689641.449486
1673689641.472158
1673689641.494237
1673689641.516730
1673689641.539718
1673689641.562476
1673689641.584973
1673689641.607327
1673689641.629475
1673689641.651550
1673689641.673956
1673689641.696043
1673689641.717978
1673689641.740629
1673689641.763963
1673689641.785944
1673689641.808298
1673689641.830458
1673689641.854669
1673689641.877603
1673689641.900311
1673689641.922546
1673689641.944874
1673689641.966726
1673689641.989063
1673689642.011248
1673689642.033968
1673689642.055693
1673689642.078325
1673689642.101285
1673689642.123818
1673689642.146204
1673689642.168126
1673689642.191645
1673689642.213851
1673689642.236378
1673689642.259012
1673689642.281667
1673689642.304220
1673689642.327241
1673689642.350101
1673689642.373142
1673689642.394590
1673689642.417384
1673689642.440014
1673689642.461540
1673689642.483497
1673689642.505640
1673689642.528075
1673689642.550814
1673689642.572551
1673689642.594495
1673689642.617798
1673689642.639798
1673689642.661134
1673689642.682896
1673689642.705328
1673689642.727393
1673689642.749269
1673689642.771963
1673689642.794296
1673689642.816012
1673689642.838844
1673689642.860946
1673689642.883732
1673689642.905478
1673689642.927957
1673689642.950785
1673689642.972713
1673689642.994625
1673689643.016040
1673689643.039308
1673689643.061465
1673689643.083315
1673689643.105290
1673689643.128278
1673689643.150718
1673689643.173074
1673689643.195115
1673689643.218668
1673689643.240409
1673689643.261480
1673689643.284031
1673689643.306804
1673689643.328881
1673689643.350761
1673689643.372252
1673689643.394619
1673689643.416470
1673689643.438756
1673689643.460992
1673689643.483046
1673689643.504806
1673689643.527014
1673689643.550141
1673689643.572325
1673689643.595278
1673689643.617486
1673689643.639744
1673689643.661875
1673689643.684213
1673689643.705911
1673689643.728030
1673689643.749816
1673689643.772466
1673689643.794672
1673689643.816600
1673689643.838784
1673689643.860847
1673689643.883316
1673689643.906526
1673689643.928512
1673689643.951105
1673689643.974106
1673689643.995636
1673689644.017460
1673689644.038884
1673689644.062010
1673689644.083991
1673689644.106108
1673689644.128251
1673689644.150599
1673689644.172479
1673689644.194601
1673689644.216562
1673689644.240391
1673689644.262414
1673689644.284574
1673689644.306681
1673689644.329909
1673689644.351739
1673689644.374563
1673689644.396535
1673689644.419530
1673689644.442323
1673689644.464213
1673689644.487130
1673689644.508903
1673689644.530807
1673689644.553097
1673689644.576718
1673689644.598594
1673689644.620814
1673689644.642622
1673689644.664690
1673689644.687384
1673689644.709128
1673689644.730850
1673689644.753324
1673689644.775614
1673689644.797568
1673689644.820082
1673689644.843360
1673689644.865332
1673689644.888246
1673689644.910681
1673689644.932863
1673689644.954848
1673689644.976990
1673689644.999405
1673689645.021712
1673689645.043810
1673689645.065860
1673689645.088394
1673689645.110473
1673689645.132041
1673689645.154966
1673689645.177910
1673689645.200869
1673689645.222797
1673689645.245126
1673689645.267399
1673689645.289391
1673689645.311866
1673689645.333209
1673689645.355416
1673689645.378005
1673689645.400532
1673689645.423075
1673689645.445474
1673689645.467434
1673689645.488932
1673689645.513638
1673689645.535172
1673689645.557095
1673689645.578657
1673689645.601372
1673689645.623426
1673689645.645300
1673689645.667604
1673689645.691340
1673689645.723006
1673689645.745131
1673689645.767164
1673689645.790357
1673689645.823141
1673689645.859785
1673689645.893181
1673689645.926049
1673689645.959735
1673689645.993140
1673689646.026371
1673689646.059753
1673689646.093175
1673689646.126251
1673689646.159761
1673689646.193223
1673689646.226424
1673689646.259856
1673689646.293226
1673689646.326519
1673689646.359890
1673689646.393277
1673689646.426432
1673689646.460729
1673689646.494124
1673689646.527263
1673689646.560713
1673689646.594024
1673689646.627244
1673689646.660586
1673689646.693943
1673689646.727109
1673689646.760729
1673689646.794044
1673689646.827169
1673689646.860721
1673689646.893990
1673689646.927182
1673689646.960737
1673689646.994006
1673689647.027191
1673689647.060666
1673689647.093964
1673689647.127152
1673689647.160639
1673689647.193942
1673689647.227131
1673689647.260598
1673689647.293918
1673689647.327138
1673689647.360573
1673689647.393918
1673689647.427035
1673689647.460583
1673689647.494193
1673689647.526948
1673689647.560404
1673689647.594376
1673689647.626943
1673689647.660497
1673689647.693805
1673689647.726890
1673689647.760462
1673689647.793952
1673689647.826905
1673689647.860502
1673689647.893870
1673689647.927478
1673689647.960276
1673689647.993645
1673689648.026854
1673689648.060579
1673689648.093791
1673689648.133078
1673689648.154803
1673689648.177408
1673689648.200223
1673689648.222829
1673689648.245389
1673689648.268332
1673689648.290279
1673689648.312544
1673689648.335073
1673689648.359033
1673689648.380790
1673689648.403414
1673689648.425807
1673689648.448621
1673689648.470341
1673689648.492287
1673689648.514186
1673689648.537163
1673689648.558546
1673689648.580618
1673689648.603148
1673689648.626178
1673689648.647794
1673689648.670460
1673689648.692295
1673689648.715518
1673689648.737960
1673689648.760154
1673689648.782868
1673689648.804641
1673689648.826609
1673689648.848151
1673689648.870844
1673689648.892956
1673689648.915064
1673689648.937059
1673689648.959574
1673689648.982444
1673689649.005060
1673689649.026551
1673689649.048940
1673689649.070974
1673689649.093365
1673689649.115412
1673689649.138301
1673689649.160729
1673689649.182851
1673689649.204798
1673689649.227257
1673689649.248968
1673689649.270868
1673689649.293111
1673689649.314988
1673689649.337359
1673689649.359495
1673689649.382734
1673689649.404498
1673689649.426889
1673689649.448596
1673689649.472447
1673689649.494800
1673689649.517074
1673689649.538983
1673689649.561032
1673689649.582856
1673689649.604645
1673689649.626964
1673689649.650010
1673689649.672093
1673689649.693448
1673689649.716196
1673689649.738023
1673689649.759591
1673689649.781481
1673689649.804308
1673689649.826756
1673689649.848675
1673689649.871079
1673689649.893395
1673689649.915323
1673689649.938021
1673689649.959668
1673689649.982604
1673689650.004797
1673689650.026855
1673689650.048339
1673689650.069957
1673689650.091611
1673689650.113425
1673689650.135409
1673689650.158001
1673689650.179681
1673689650.201149
1673689650.224058
1673689650.246001
1673689650.267701
1673689650.290403
1673689650.323483
1673689650.356864
1673689650.390281
1673689650.423454
1673689650.450554
1673689650.473556
1673689650.506788
1673689650.542211
1673689650.575532
1673689650.608978
1673689650.642223
1673689650.675572
1673689650.708870
1673689650.742174
1673689650.775952
1673689650.807647
1673689650.841823
1673689650.875412
1673689650.908997
1673689650.942167
1673689650.975196
1673689651.008946
1673689651.042162
1673689651.076436
1673689651.109572
1673689651.142888
1673689651.176394
1673689651.209669
1673689651.242915
1673689651.276360
1673689651.308888
1673689651.342115
1673689651.375209
1673689651.408868
1673689651.442942
1673689651.476279
1673689651.509684
1673689651.542842
1673689651.576288
1673689651.609565
1673689651.642791
1673689651.676251
1673689651.709664
1673689651.742752
1673689651.776197
1673689651.809639
1673689651.842708
1673689651.876162
1673689651.909642
1673689651.942755
1673689651.976130
1673689652.009479
1673689652.042704
1673689652.076050
1673689652.109425
1673689652.142672
1673689652.176050
1673689652.209468
1673689652.242632
1673689652.276128
1673689652.309374
1673689652.342607
1673689652.375999
1673689652.409374
1673689652.442516
1673689652.476230
1673689652.509487
1673689652.542543
1673689652.576016
1673689652.609469
1673689652.642478
1673689652.676104
1673689652.709334
1673689652.742608
1673689652.775896
1673689652.809364
1673689652.842413
1673689652.876133
1673689652.909485
1673689652.942447
1673689652.975906
1673689653.009320
1673689653.042421
1673689653.075978
1673689653.109317
1673689653.142433
1673689653.175905
1673689653.209130
1673689653.242376
1673689653.276037
1673689653.309227
1673689653.342377
1673689653.375751
1673689653.409281
1673689653.442360
1673689653.476085
1673689653.509389
1673689653.542499
1673689653.575809
1673689653.609361
1673689653.642476
1673689653.676119
1673689653.709287
1673689653.742497
1673689653.775786
1673689653.809255
1673689653.842528
1673689653.876064
1673689653.909236
1673689653.942449
1673689653.975734
1673689654.009268
1673689654.042442
1673689654.076146
1673689654.109215
1673689654.142402
1673689654.175651
1673689654.209125
1673689654.242365
1673689654.275941
1673689654.309062
1673689654.342355
1673689654.375567
1673689654.409048
1673689654.442322
1673689654.475865
1673689654.509153
1673689654.542218
1673689654.575601
1673689654.609034
1673689654.642550
1673689654.674319
1673689654.708067
1673689654.741418
1673689654.774539
1673689654.808030
1673689654.841480
1673689654.874597
1673689654.909054
1673689654.942246
1673689654.975636
1673689655.009040
1673689655.042209
1673689655.075604
1673689655.108893
1673689655.142189
1673689655.175457
1673689655.208975
1673689655.242152
1673689655.275446
1673689655.309000
1673689655.342196
1673689655.375402
1673689655.408962
1673689655.442097
1673689655.475407
1673689655.508945
1673689655.542242
1673689655.575524
1673689655.608901
1673689655.642156
1673689655.675373
1673689655.708850
1673689655.742066
1673689655.775709
1673689655.809117
1673689655.841878
1673689655.875191
1673689655.908904
1673689655.942521
1673689655.975320
1673689656.008719
1673689656.042148
1673689656.075245
1673689656.108952
1673689656.142125
1673689656.175245
1673689656.208804
1673689656.242094
1673689656.275229
1673689656.308714
1673689656.341997
1673689656.375225
1673689656.408748
1673689656.442055
1673689656.475223
1673689656.508790
1673689656.541994
1673689656.575214
1673689656.608694
1673689656.641948
1673689656.675144
1673689656.708666
1673689656.741982
1673689656.775133
1673689656.808809
1673689656.841828
1673689656.875185
1673689656.908719
1673689656.941937
1673689656.974938
1673689657.008307
1673689657.041946
1673689657.075254
1673689657.108221
1673689657.142088
1673689657.174618
1673689657.208364
1673689657.241764
1673689657.275001
1673689657.308389
1673689657.341780
1673689657.375014
1673689657.408479
1673689657.441868
1673689657.474985
1673689657.508502
1673689657.541908
1673689657.575032
1673689657.608448
1673689657.641867
1673689657.675005
1673689657.708524
1673689657.741870
1673689657.774974
1673689657.808523
1673689657.841851
1673689657.874956
1673689657.908448
1673689657.941850
1673689657.974957
1673689658.008373
1673689658.041743
1673689658.074968
1673689658.108482
1673689658.141847
1673689658.174970
1673689658.208438
1673689658.241887
1673689658.274945
1673689658.308374
1673689658.341730
1673689658.374955
1673689658.408379
1673689658.441672
1673689658.474878
1673689658.508307
1673689658.541726
1673689658.574881
1673689658.608325
1673689658.641626
1673689658.674925
1673689658.708293
1673689658.741745
1673689658.774929
1673689658.808257
1673689658.841617
1673689658.874872
1673689658.908231
1673689658.941830
1673689658.974822
1673689659.008264
1673689659.041622
1673689659.074881
1673689659.108354
1673689659.141824
1673689659.174772
1673689659.208375
1673689659.241653
1673689659.274787
1673689659.308213
1673689659.341556
1673689659.374830
1673689659.408364
1673689659.441617
1673689659.474793
1673689659.508337
1673689659.541505
1673689659.574832
1673689659.608300
1673689659.641579
1673689659.674774
1673689659.708230
1673689659.741533
1673689659.774773
1673689659.808176
1673689659.841678
1673689659.874778
1673689659.908266
1673689659.941654
1673689659.974725
1673689660.008232
1673689660.041662
1673689660.074694
1673689660.108202
1673689660.141756
1673689660.174728
1673689660.208179
1673689660.241584
1673689660.274754
1673689660.308180
1673689660.341541
1673689660.374758
1673689660.408172
1673689660.441550
1673689660.474776
1673689660.508181
1673689660.541580
1673689660.574608
1673689660.608106
1673689660.641605
1673689660.674740
1673689660.708169
1673689660.741613
1673689660.774637
1673689660.808159
1673689660.841522
1673689660.874621
1673689660.908267
1673689660.941512
1673689660.974648
1673689661.008133
1673689661.041522
1673689661.074749
1673689661.108304
1673689661.141538
1673689661.174772
1673689661.208003
1673689661.241522
1673689661.274595
1673689661.308269
1673689661.341542
1673689661.374757
1673689661.408006
1673689661.441512
1673689661.474712
1673689661.508160
1673689661.541461
1673689661.574641
1673689661.607932
1673689661.641418
1673689661.674669
1673689661.708266
1673689661.741428
1673689661.774551
1673689661.807943
1673689661.841417
1673689661.874616
1673689661.908112
1673689661.941359
1673689661.967682
1673689661.990950
1673689662.024558
1673689662.057985
1673689662.091081
1673689662.124594
1673689662.157943
1673689662.191151
1673689662.224619
1673689662.257941
1673689662.291052
1673689662.324617
1673689662.357900
1673689662.391040
1673689662.424534
1673689662.457934
1673689662.491013
1673689662.524510
1673689662.557880
1673689662.591035
1673689662.624578
1673689662.657674
1673689662.690945
1673689662.724579
1673689662.757755
1673689662.790820
1673689662.824494
1673689662.857688
1673689662.890886
1673689662.924402
1673689662.957651
1673689662.990933
1673689663.024372
1673689663.057693
1673689663.090848
1673689663.124504
1673689663.157635
1673689663.190830
1673689663.224235
1673689663.257614
1673689663.290866
1673689663.324251
1673689663.357709
1673689663.390853
1673689663.424223
1673689663.457666
1673689663.490851
1673689663.524231
1673689663.557619
1673689663.590706
1673689663.624146
1673689663.657661
1673689663.690737
1673689663.724241
1673689663.757601
1673689663.790693
1673689663.824163
1673689663.857611
1673689663.890764
1673689663.924127
1673689663.957639
1673689663.990779
1673689664.024073
1673689664.057549
1673689664.090488
1673689664.117390
1673689664.140541
1673689664.174065
1673689664.207271
1673689664.240879
1673689664.274086
1673689664.307268
1673689664.340705
1673689664.373652
1673689664.406937
1673689664.440762
1673689664.474034
1673689664.507248
1673689664.540840
1673689664.574061
1673689664.607318
1673689664.640822
1673689664.674001
1673689664.707263
1673689664.740755
1673689664.774014
1673689664.807289
1673689664.840826
1673689664.873923
1673689664.907244
1673689664.940781
1673689664.973912
1673689665.007403
1673689665.040756
1673689665.073920
1673689665.107221
1673689665.140732
1673689665.173957
1673689665.207157
1673689665.240666
1673689665.273956
1673689665.307142
1673689665.340583
1673689665.373863
1673689665.407025
1673689665.440567
1673689665.473822
1673689665.507218
1673689665.540562
1673689665.574001
1673689665.601163
1673689665.623714
1673689665.646899
1673689665.673810
1673689665.706783
1673689665.740674
1673689665.773764
1673689665.807025
1673689665.840555
1673689665.873672
1673689665.906987
1673689665.940554
1673689665.973692
1673689666.006988
1673689666.040502
1673689666.073679
1673689666.106930
1673689666.140473
1673689666.173625
1673689666.207006
1673689666.240330
1673689666.273649
1673689666.306918
1673689666.340382
1673689666.373718
1673689666.406848
1673689666.440256
1673689666.473636
1673689666.506885
1673689666.540454
1673689666.573568
1673689666.606769
1673689666.629232
1673689666.651316
1673689666.674661
1673689666.706683
1673689666.729172
1673689666.751190
1673689666.774962
1673689666.806690
1673689666.829193
1673689666.851288
1673689666.874678
1673689666.901105
1673689666.923746
1673689666.945943
1673689666.970251
1673689666.992394
1673689667.016083
1673689667.038190
1673689667.061398
1673689667.084278
1673689667.107307
1673689667.129860
1673689667.153990
1673689667.176568
1673689667.198779
1673689667.221806
1673689667.244482
1673689667.267444
1673689667.290316
1673689667.313483
1673689667.336018
1673689667.358587
1673689667.380693
1673689667.402966
1673689667.425278
1673689667.447110
1673689667.469553
1673689667.492560
1673689667.515324
1673689667.537966
1673689667.560579
1673689667.584234
1673689667.607203
1673689667.629709
1673689667.653026
1673689667.675336
1673689667.697206
1673689667.719585
1673689667.742177
1673689667.765110
1673689667.787438
1673689667.810115
1673689667.833704
1673689667.855829
1673689667.878527
1673689667.901212
1673689667.924742
1673689667.948102
1673689667.970378
1673689667.992484
1673689668.014844
1673689668.037052
1673689668.059522
1673689668.081404
1673689668.105685
1673689668.128296
1673689668.150310
1673689668.174783
1673689668.196793
1673689668.219506
1673689668.241470
1673689668.263731
1673689668.286049
1673689668.308141
1673689668.330317
1673689668.352896
1673689668.374901
1673689668.397183
1673689668.419238
1673689668.442692
1673689668.465542
1673689668.487980
1673689668.510905
1673689668.534789
1673689668.557954
1673689668.580303
1673689668.602618
1673689668.625143
1673689668.647195
1673689668.669186
1673689668.692454
1673689668.715091
1673689668.737120
1673689668.759614
1673689668.782828
1673689668.805846
1673689668.827995
1673689668.850817
1673689668.874212
1673689668.896569
1673689668.919281
1673689668.941540
1673689668.963959
1673689668.986077
1673689669.008555
1673689669.030470
1673689669.053708
1673689669.076326
1673689669.098913
1673689669.121433
1673689669.144569
1673689669.167063
1673689669.189902
1673689669.213610
1673689669.236090
1673689669.258925
1673689669.281243
1673689669.304886
1673689669.327605
1673689669.350625
1673689669.373196
1673689669.396287
1673689669.419059
1673689669.441084
1673689669.463214
1673689669.485776
1673689669.508004
1673689669.530126
1673689669.552462
1673689669.576236
1673689669.598248
1673689669.620294
1673689669.642778
1673689669.665723
1673689669.689006
1673689669.711633
1673689669.734480
1673689669.756648
1673689669.778621
1673689669.801060
1673689669.824325
1673689669.846849
1673689669.869093
1673689669.891369
1673689669.977442
1673689670.000048
1673689670.023166
1673689670.045085
1673689670.067478
1673689670.089152
1673689670.111742
1673689670.133929
1673689670.156148
1673689670.178821
1673689670.200897
1673689670.223706
1673689670.246759
1673689670.269969
1673689670.292341
1673689670.315289
1673689670.337749
1673689670.359490
1673689670.381574
1673689670.404196
1673689670.426932
1673689670.448961
1673689670.471485
1673689670.494690
1673689670.517024
1673689670.539220
1673689670.560771
1673689670.582839
1673689670.605505
1673689670.628570
1673689670.650820
1673689670.674079
1673689670.697387
1673689670.720027
1673689670.742629
1673689670.765809
1673689670.788526
1673689670.810957
1673689670.833762
1673689670.855932
1673689670.888699
1673689670.910836
1673689670.932918
1673689670.955396
1673689670.977284
1673689670.999754
1673689671.023147
1673689671.045274
1673689671.067649
1673689671.090605
1673689671.113241
1673689671.139202
1673689671.161326
1673689671.183656
1673689671.205793
1673689671.228133
1673689671.250354
1673689671.272542
1673689671.294917
1673689671.316938
1673689671.339329
1673689671.362580
1673689671.389175
1673689671.411320
1673689671.433010
1673689671.455809
1673689671.483685
1673689671.505969
1673689671.539246
1673689671.562272
1673689671.584530
1673689671.606999
1673689671.632803
1673689671.656077
1673689671.689070
1673689671.711418
1673689671.733236
1673689671.756457
1673689671.783211
1673689671.805877
1673689671.838926
1673689671.861323
1673689671.883126
1673689671.905162
1673689671.933251
1673689671.955238
1673689671.977194
1673689672.000320
1673689672.023732
1673689672.045401
1673689672.068031
1673689672.090532
1673689672.116800
1673689672.138870
1673689672.161011
1673689672.183116
1673689672.205782
1673689672.227914
1673689672.249774
1673689672.272278
1673689672.294661
1673689672.316861
1673689672.339028
1673689672.362340
1673689672.384502
1673689672.406977
1673689672.429052
1673689672.455597
1673689672.477864
1673689672.500281
1673689672.522364
1673689672.544712
1673689672.566741
1673689672.589173
1673689672.611295
1673689672.633176
1673689672.655537
1673689672.677894
1673689672.700174
1673689672.723586
1673689672.745296
1673689672.767682
1673689672.790413
1673689672.816607
1673689672.838699
1673689672.861229
1673689672.883398
1673689672.905538
1673689672.927838
1673689672.949782
1673689672.972383
1673689672.994549
1673689673.016738
1673689673.038765
1673689673.062130
1673689673.084369
1673689673.106908
1673689673.128973
1673689673.155645
1673689673.177740
1673689673.200185
1673689673.222458
1673689673.244646
1673689673.266818
1673689673.288203
1673689673.310490
1673689673.333218
1673689673.356227
1673689673.378886
1673689673.401956
1673689673.424784
1673689673.447583
1673689673.469428
1673689673.492700
1673689673.515123
1673689673.538086
1673689673.560571
1673689673.583775
1673689673.606538
1673689673.628939
1673689673.651142
1673689673.674601
1673689673.697197
1673689673.719689
1673689673.742523
1673689673.765091
1673689673.786913
1673689673.809357
1673689673.831610
1673689673.854875
1673689673.877171
1673689673.899009
1673689673.921112
1673689673.943594
1673689673.965562
1673689673.988665
1673689674.011619
1673689674.033470
1673689674.055859
1673689674.078224
1673689674.101243
1673689674.123538
1673689674.145653
1673689674.168356
1673689674.192397
1673689674.214828
1673689674.236134
1673689674.259126
1673689674.281749
1673689674.303859
1673689674.326607
1673689674.348629
1673689674.372041
1673689674.394630
1673689674.416894
1673689674.440142
1673689674.462331
1673689674.484475
1673689674.506874
1673689674.531305
1673689674.553487
1673689674.575904
1673689674.597684
1673689674.620385
1673689674.642091
1673689674.664792
1673689674.686644
1673689674.710288
1673689674.732324
1673689674.754853
1673689674.776780
1673689674.799260
1673689674.821654
1673689674.843628
1673689674.865889
1673689674.889124
1673689674.911471
1673689674.934073
1673689674.957360
1673689674.979192
1673689675.001363
1673689675.023529
1673689675.045837
1673689675.068104
1673689675.090535
1673689675.113238
1673689675.135568
1673689675.158292
1673689675.180207
1673689675.203311
1673689675.226477
1673689675.249170
1673689675.271367
1673689675.293696
1673689675.317046
1673689675.339623
1673689675.362071
1673689675.384530
1673689675.408329
1673689675.430540
1673689675.452680
1673689675.475288
1673689675.498340
1673689675.521255
1673689675.543958
1673689675.567940
1673689675.591010
1673689675.613413
1673689675.636029
1673689675.658617
1673689675.681253
1673689675.703930
1673689675.725847
1673689675.749013
1673689675.772373
1673689675.795420
1673689675.818959
1673689675.842806
1673689675.865615
1673689675.888402
1673689675.912364
1673689675.935532
1673689675.958411
1673689675.980074
1673689676.003488
1673689676.025320
1673689676.047958
1673689676.070259
1673689676.093197
1673689676.115602
1673689676.138275
1673689676.160334
1673689676.183095
1673689676.205812
1673689676.227917
1673689676.250748
1673689676.273832
1673689676.296759
1673689676.319277
1673689676.341696
1673689676.365173
1673689676.386977
1673689676.409130
1673689676.432040
1673689676.454291
1673689676.476481
1673689676.499229
1673689676.522225
1673689676.544596
1673689676.566678
1673689676.589201
1673689676.613593
1673689676.636334
1673689676.658871
1673689676.682370
1673689676.705520
1673689676.728126
1673689676.751224
1673689676.774199
1673689676.797507
1673689676.820397
1673689676.843061
1673689676.865724
1673689676.888642
1673689676.911016
1673689676.933316
1673689676.956339
1673689676.979289
1673689677.002218
1673689677.024927
1673689677.047333
1673689677.070108
1673689677.092902
1673689677.115373
1673689677.138141
1673689677.160734
1673689677.186418
1673689677.209247
1673689677.232164
1673689677.264244
1673689677.286264
1673689677.309129
1673689677.332209
1673689677.354697
1673689677.382261
1673689677.405597
1673689677.428899
1673689677.451106
1673689677.474136
1673689677.498502
1673689677.520747
1673689677.542786
1673689677.565200
1673689677.588475
1673689677.611500
1673689677.633353
1673689677.656793
1673689677.681628
1673689677.704022
1673689677.725915
1673689677.748621
1673689677.771670
1673689677.794897
1673689677.817508
1673689677.840816
1673689677.866080
1673689677.888272
1673689677.910439
1673689677.932732
1673689677.956074
1673689677.978021
1673689678.000812
1673689678.024699
1673689678.048492
1673689678.070590
1673689678.092772
1673689678.115219
1673689678.137392
1673689678.159393
1673689678.181764
1673689678.205161
1673689678.228072
1673689678.251185
1673689678.273838
1673689678.298288
1673689678.320879
1673689678.343599
1673689678.366460
1673689678.390782
1673689678.413247
1673689678.435416
1673689678.457669
1673689678.481752
1673689678.503778
1673689678.526174
1673689678.549874
1673689678.573113
1673689678.595975
1673689678.618484
1673689678.642009
1673689678.665157
1673689678.687146
1673689678.709110
1673689678.732322
1673689678.755177
1673689678.778258
1673689678.800795
1673689678.824026
1673689678.846827
1673689678.870579
1673689678.892896
1673689678.916122
1673689678.937953
1673689678.960176
1673689678.982598
1673689679.006180
1673689679.029135
1673689679.051632
1673689679.076006
1673689679.099465
1673689679.122779
1673689679.145560
1673689679.171227
1673689679.193672
1673689679.216238
1673689679.238009
1673689679.261289
1673689679.283897
1673689679.307143
1673689679.329981
1673689679.354001
1673689679.377042
1673689679.399642
1673689679.423005
1673689679.448699
1673689679.471758
1673689679.494613
1673689679.517337
1673689679.540485
1673689679.562820
1673689679.587068
1673689679.610414
1673689679.633082
1673689679.665277
1673689679.688365
1673689679.712290
1673689679.735258
1673689679.758798
1673689679.781787
1673689679.805315
1673689679.828159
1673689679.851231
1673689679.873813
1673689679.898337
1673689679.920592
1673689679.943517
1673689679.966579
1673689679.990385
1673689680.013063
1673689680.037396
1673689680.060772
1673689680.084065
1673689680.107217
1673689680.129995
1673689680.154466
1673689680.177307
1673689680.199866
1673689680.222933
1673689680.246732
1673689680.269707
1673689680.292319
1673689680.315170
1673689680.338250
1673689680.360372
1673689680.383911
1673689680.407739
1673689680.430844
1673689680.454272
1673689680.476325
1673689680.499523
1673689680.524404
1673689680.547177
1673689680.570451
1673689680.593918
1673689680.617397
1673689680.640237
1673689680.663558
1673689680.687186
1673689680.709378
1673689680.731287
1673689680.753165
1673689680.775516
1673689680.798247
1673689680.821406
1673689680.844592
1673689680.869255
1673689680.892704
1673689680.915915
1673689680.938136
1673689680.960627
1673689680.983562
1673689681.005963
1673689681.028289
1673689681.051099
1673689681.074140
1673689681.097322
1673689681.120771
1673689681.143935
1673689681.165832
1673689681.188296
1673689681.211876
1673689681.235501
1673689681.257987
1673689681.281288
1673689681.313424
1673689681.336188
1673689681.359071
1673689681.382067
1673689681.405678
1673689681.429608
1673689681.453154
1673689681.476030
1673689681.498700
1673689681.521333
1673689681.548143
1673689681.570884
1673689681.602997
1673689681.626200
1673689681.648780
1673689681.672627
1673689681.698849
1673689681.722049
1673689681.753519
1673689681.776348
1673689681.799438
1673689681.822393
1673689681.848127
1673689681.871180
1673689681.903603
1673689681.926677
1673689681.949636
1673689681.974011
1673689681.997689
1673689682.020728
1673689682.042903
1673689682.066630
1673689682.089863
1673689682.112958
1673689682.137177
1673689682.160639
1673689682.183892
1673689682.216140
1673689682.248352
1673689682.271849
1673689682.295049
1673689682.320069
1673689682.344398
1673689682.367128
1673689682.398791
1673689682.420785
1673689682.444507
1673689682.470502
1673689682.493214
1673689682.516268
1673689682.540295
1673689682.563425
1673689682.586900
1673689682.609691
1673689682.633703
1673689682.657095
1673689682.680218
1673689682.703451
1673689682.727853
1673689682.750871
1673689682.773888
1673689682.798029
1673689682.821337
1673689682.845330
1673689682.868505
1673689682.892822
1673689682.916281
1673689682.939297
1673689682.963066
1673689682.986956
1673689683.009991
1673689683.032990
1673689683.055964
1673689683.079977
1673689683.103281
1673689683.126331
1673689683.149400
1673689683.173677
1673689683.196729
1673689683.220030
1673689683.243122
1673689683.266253
1673689683.289205
1673689683.312683
1673689683.336767
1673689683.360121
1673689683.383060
1673689683.406782
1673689683.431386
1673689683.454539
1673689683.486640
1673689683.509313
1673689683.532832
1673689683.556548
1673689683.579628
1673689683.603184
1673689683.626292
1673689683.649359
1673689683.672466
1673689683.695510
1673689683.719025
1673689683.742085
1673689683.765049
1673689683.787983
1673689683.812647
1673689683.836181
1673689683.859166
1673689683.882941
1673689683.906500
1673689683.929471
1673689683.953455
1673689683.976387
1673689683.999040
1673689684.021792
1673689684.044690
1673689684.068873
1673689684.092132
1673689684.114578
1673689684.137693
1673689684.169936
1673689684.193184
1673689684.216409
1673689684.238733
1673689684.264610
1673689684.287786
1673689684.310207
1673689684.334164
1673689684.356936
1673689684.379770
1673689684.402661
1673689684.426432
1673689684.449228
1673689684.471618
1673689684.494589
1673689684.518884
1673689684.542585
1673689684.565100
1673689684.587807
1673689684.611068
1673689684.634295
1673689684.657463
1673689684.680504
1673689684.703527
1673689684.726844
1673689684.748981
1673689684.771052
1673689684.794935
1673689684.817891
1673689684.840841
1673689684.864346
1673689684.887007
1673689684.910389
1673689684.932900
1673689684.957272
1673689684.979876
1673689685.002135
1673689685.025266
1673689685.048635
1673689685.071589
1673689685.094367
1673689685.117465
1673689685.140472
1673689685.163481
1673689685.186244
1673689685.208379
1673689685.232274
1673689685.255363
1673689685.278105
1673689685.300954
1673689685.324504
1673689685.347168
1673689685.370806
1673689685.394101
1673689685.416583
1673689685.440271
1673689685.463697
1673689685.487350
1673689685.510370
1673689685.532737
1673689685.555679
1673689685.579915
1673689685.603014
1673689685.626413
1673689685.649595
1673689685.672497
1673689685.695728
1673689685.718992
1673689685.741646
1673689685.764641
1673689685.787542
1673689685.809848
1673689685.832510
1673689685.856214
1673689685.879134
1673689685.901410
1673689685.925084
1673689685.947282
1673689685.970596
1673689685.992948
1673689686.014837
1673689686.038231
1673689686.061229
1673689686.084681
1673689686.108450
1673689686.131564
1673689686.154113
1673689686.176955
1673689686.199856
1673689686.223130
1673689686.245730
1673689686.268611
1673689686.292232
1673689686.315383
1673689686.338152
1673689686.360808
1673689686.384277
1673689686.407605
1673689686.429958
1673689686.452881
1673689686.475774
1673689686.503403
1673689686.526484
1673689686.549737
1673689686.572865
1673689686.595812
1673689686.618746
1673689686.643171
1673689686.665517
1673689686.688630
1673689686.711396
1673689686.735060
1673689686.758041
1673689686.780977
1673689686.804053
1673689686.827299
1673689686.849570
1673689686.872778
1673689686.895666
1673689686.919322
1673689686.942214
1673689686.965302
1673689686.989348
1673689687.014322
1673689687.037237
1673689687.060536
1673689687.083451
1673689687.105773
1673689687.131072
1673689687.153524
1673689687.176339
1673689687.198826
1673689687.222328
1673689687.245415
1673689687.269507
1673689687.292838
1673689687.315399
1673689687.337922
1673689687.362015
1673689687.385280
1673689687.407441
1673689687.430495
1673689687.453063
1673689687.475507
1673689687.497750
1673689687.521681
1673689687.544106
1673689687.567432
1673689687.590805
1673689687.613423
1673689687.637028
1673689687.659336
1673689687.682058
1673689687.705709
1673689687.728628
1673689687.751478
1673689687.774731
1673689687.798840
1673689687.821703
1673689687.844570
1673689687.866976
1673689687.890116
1673689687.913049
1673689687.935673
1673689687.958729
1673689687.981507
1673689688.004303
1673689688.027310
1673689688.051567
1673689688.073869
1673689688.097324
1673689688.120041
1673689688.143007
1673689688.166142
1673689688.189392
1673689688.212252
1673689688.235404
1673689688.257473
1673689688.280704
1673689688.303559
1673689688.326358
1673689688.349256
1673689688.372391
1673689688.395844
1673689688.420109
1673689688.442411
1673689688.465113
1673689688.488622
1673689688.511861
1673689688.534687
1673689688.557770
1673689688.581195
1673689688.604075
1673689688.626791
1673689688.649076
1673689688.672657
1673689688.695300
1673689688.718054
1673689688.741094
1673689688.764634
1673689688.786483
1673689688.808665
1673689688.831523
1673689688.854832
1673689688.877326
1673689688.900541
1673689688.923559
1673689688.946800
1673689688.970315
1673689688.993003
1673689689.020900
1673689689.043395
1673689689.065775
1673689689.088094
1673689689.111585
1673689689.134721
1673689689.157302
1673689689.182257
1673689689.206747
1673689689.233047
1673689689.255852
1673689689.278960
1673689689.302068
1673689689.324659
1673689689.348090
1673689689.370633
1673689689.393618
1673689689.417093
1673689689.439888
1673689689.462306
1673689689.485658
1673689689.508048
1673689689.530596
1673689689.553428
1673689689.575544
1673689689.598201
1673689689.620027
1673689689.642624
1673689689.665207
1673689689.687636
1673689689.710251
1673689689.732950
1673689689.755278
1673689689.777885
1673689689.801340
1673689689.825136
1673689689.847679
1673689689.870994
1673689689.893490
1673689689.916589
1673689689.938816
1673689689.961215
1673689689.983740
1673689690.006967
1673689690.029248
1673689690.051919
1673689690.075099
1673689690.097300
1673689690.120470
1673689690.143093
1673689690.166878
1673689690.189159
1673689690.211839
1673689690.235216
1673689690.258653
1673689690.281329
1673689690.304516
1673689690.327141
1673689690.351175
1673689690.374033
1673689690.396480
1673689690.419936
1673689690.442720
1673689690.465554
1673689690.488873
1673689690.511638
1673689690.535135
1673689690.557927
1673689690.579857
1673689690.603039
1673689690.625970
1673689690.648919
1673689690.672176
1673689690.695852
1673689690.718589
1673689690.741326
1673689690.763545
1673689690.786870
1673689690.809314
1673689690.832484
1673689690.855028
1673689690.878378
1673689690.901245
1673689690.923867
1673689690.945874
1673689690.968702
1673689690.991530
1673689691.014611
1673689691.037363
1673689691.060247
1673689691.083575
1673689691.106067
1673689691.129094
1673689691.151237
1673689691.174014
1673689691.196056
1673689691.220124
1673689691.243090
1673689691.265693
1673689691.289024
1673689691.312009
1673689691.333155
1673689691.355320
1673689691.377567
1673689691.400626
1673689691.423434
1673689691.452138
1673689691.485860
1673689691.513968
1673689691.536812
1673689691.566000
1673689691.598826
1673689691.632470
1673689691.665393
1673689691.686985
1673689691.709741
1673689691.732472
1673689691.754827
1673689691.782110
1673689691.817920
1673689691.850229
1673689691.878237
1673689691.901616
1673689691.938998
1673689691.971828
1673689692.005009
1673689692.038581
1673689692.072101
1673689692.105390
1673689692.152204
1673689692.174301
1673689692.197736
1673689692.221314
1673689692.243918
1673689692.266171
1673689692.289609
1673689692.311918
1673689692.334348
1673689692.358450
1673689692.381196
1673689692.403510
1673689692.425454
1673689692.449487
1673689692.471660
1673689692.494314
1673689692.517315
1673689692.540142
1673689692.563244
1673689692.585379
1673689692.607977
1673689692.631002
1673689692.653145
1673689692.675881
1673689692.701003
1673689692.729085
1673689692.756179
1673689692.778362
1673689692.801304
1673689692.824633
1673689692.847431
1673689692.869397
