1673623851.355860
1673623851.372993
1673623851.389880
1673623851.406252
1673623851.423400
1673623851.438091
1673623851.455321
1673623851.471273
1673623851.488534
1673623851.505178
1673623851.522244
1673623851.538822
1673623851.555562
1673623851.571813
1673623851.588896
1673623851.605097
1673623851.621522
1673623851.632358
1673623851.643308
1673623851.655217
1673623851.671544
1673623851.682152
1673623851.692545
1673623851.708870
1673623851.726285
1673623851.741940
1673623851.758740
1673623851.775805
1673623851.792642
1673623851.808940
1673623851.825938
1673623851.843805
1673623851.860560
1673623851.875504
1673623851.886265
1673623851.897166
1673623851.908765
1673623851.919419
1673623851.930300
1673623851.941902
1673623851.952538
1673623851.963573
1673623851.975285
1673623851.986188
1673623851.997140
1673623852.008454
1673623852.019357
1673623852.030950
1673623852.041896
1673623852.052508
1673623852.063352
1673623852.075369
1673623852.085965
1673623852.097146
1673623852.108684
1673623852.119271
1673623852.130677
1673623852.145077
1673623852.162973
1673623852.178414
1673623852.194927
1673623852.211470
1673623852.228383
1673623852.244773
1673623852.261752
1673623852.278825
1673623852.289836
1673623852.300447
1673623852.311796
1673623852.322580
1673623852.338868
1673623852.349458
1673623852.360747
1673623852.372355
1673623852.382926
1673623852.394166
1673623852.405577
1673623852.416641
1673623852.427538
1673623852.438130
1673623852.454278
1673623852.465626
1673623852.476150
1673623852.487964
1673623852.498604
1673623852.509809
1673623852.520366
1673623852.531022
1673623852.541798
1673623852.552636
1673623852.563530
1673623852.574725
1673623852.585700
1673623852.596821
1673623852.607829
1673623852.619145
1673623852.637149
1673623852.652504
1673623852.668019
1673623852.678640
1673623852.689830
1673623852.701017
1673623852.712013
1673623852.722355
1673623852.733148
1673623852.744046
1673623852.758305
1673623852.768884
1673623852.779810
1673623852.793282
1673623852.803898
1673623852.829365
1673623852.847081
1673623852.863533
1673623852.879797
1673623852.896357
1673623852.913208
1673623852.929779
1673623852.946376
1673623852.963036
1673623852.980217
1673623852.996255
1673623853.012930
1673623853.030638
1673623853.047010
1673623853.062771
1673623853.079476
1673623853.095926
1673623853.113268
1673623853.130103
1673623853.146283
1673623853.162458
1673623853.179942
1673623853.196338
1673623853.212278
1673623853.229229
1673623853.246099
1673623853.262665
1673623853.279464
1673623853.296015
1673623853.313708
1673623853.329083
1673623853.345583
1673623853.362615
1673623853.379312
1673623853.395468
1673623853.413458
1673623853.430106
1673623853.446856
1673623853.463740
1673623853.480119
1673623853.497660
1673623853.514691
1673623853.530691
1673623853.547183
1673623853.563280
1673623853.580450
1673623853.595586
1673623853.612648
1673623853.628928
1673623853.646445
1673623853.662233
1673623853.678907
1673623853.696087
1673623853.712375
1673623853.728983
1673623853.745772
1673623853.763093
1673623853.779607
1673623853.794881
1673623853.812009
1673623853.828797
1673623853.845478
1673623853.861758
1673623853.878362
1673623853.895792
1673623853.911440
1673623853.929226
1673623853.945011
1673623853.961653
1673623853.978989
1673623853.993752
1673623854.009726
1673623854.020369
1673623854.031574
1673623854.043265
1673623854.053897
1673623854.064707
1673623854.076359
1673623854.087063
1673623854.097647
1673623854.109461
1673623854.120239
1673623854.131449
1673623854.142849
1673623854.153455
1673623854.164763
1673623854.176269
1673623854.186804
1673623854.197581
1673623854.208827
1673623854.219454
1673623854.229910
1673623854.241887
1673623854.252450
1673623854.263330
1673623854.275285
1673623854.286205
1673623854.297141
1673623854.308639
1673623854.319314
1673623854.330466
1673623854.340936
1673623854.351582
1673623854.362832
1673623854.374995
1673623854.385586
1673623854.396078
1673623854.408083
1673623854.418832
1673623854.430124
1673623854.441254
1673623854.451920
1673623854.463130
1673623854.477580
1673623854.494395
1673623854.511078
1673623854.527839
1673623854.544271
1673623854.561087
1673623854.577706
1673623854.593968
1673623854.610596
1673623854.627339
1673623854.642210
1673623854.652936
1673623854.664072
1673623854.675423
1673623854.686146
1673623854.696556
1673623854.708731
1673623854.719396
1673623854.731707
1673623854.742228
1673623854.753009
1673623854.764513
1673623854.776760
1673623854.787501
1673623854.798041
1673623854.809219
1673623854.819880
1673623854.830927
1673623854.842566
1673623854.853359
1673623854.864132
1673623854.874611
1673623854.885226
1673623854.896506
1673623854.906952
1673623854.917538
1673623854.928246
1673623854.940440
1673623854.951058
1673623854.962244
1673623854.973368
1673623854.984178
1673623854.994728
1673623855.005861
1673623855.016455
1673623855.027655
1673623855.039469
1673623855.050197
1673623855.061512
1673623855.072004
1673623855.082619
1673623855.093327
1673623855.105932
1673623855.116519
1673623855.127926
1673623855.139246
1673623855.150035
1673623855.161514
1673623855.172837
1673623855.183537
1673623855.194768
1673623855.206201
1673623855.216876
1673623855.227336
1673623855.239082
1673623855.249686
1673623855.260767
1673623855.271882
1673623855.282957
1673623855.294027
1673623855.305289
1673623855.316061
1673623855.326985
1673623855.337621
1673623855.348264
1673623855.359295
1673623855.369840
1673623855.381091
1673623855.391638
1673623855.402399
1673623855.413397
1673623855.424070
1673623855.434630
1673623855.445763
1673623855.456496
1673623855.467076
1673623855.478229
1673623855.489586
1673623855.500228
1673623855.511358
1673623855.521878
1673623855.532864
1673623855.544107
1673623855.558709
1673623855.569580
1673623855.580353
1673623855.592008
1673623855.603196
1673623855.614938
1673623855.625394
1673623855.635984
1673623855.647168
1673623855.658754
1673623855.669384
1673623855.680339
1673623855.692015
1673623855.703027
1673623855.713982
1673623855.725384
1673623855.736048
1673623855.747199
1673623855.760247
1673623855.776835
1673623855.793244
1673623855.810153
1673623855.826979
1673623855.843292
1673623855.859970
1673623855.870546
1673623855.881729
1673623855.893326
1673623855.904113
1673623855.915408
1673623855.926118
1673623855.936675
1673623855.947748
1673623855.958420
1673623855.969012
1673623855.979566
1673623855.991080
1673623856.001675
1673623856.012794
1673623856.024458
1673623856.035226
1673623856.046061
1673623856.057690
1673623856.068292
1673623856.079675
1673623856.090802
1673623856.101399
1673623856.112930
1673623856.124554
1673623856.135192
1673623856.146108
1673623856.157671
1673623856.168301
1673623856.178947
1673623856.192314
1673623856.203050
1673623856.214318
1673623856.225499
1673623856.236135
1673623856.246974
1673623856.260461
1673623856.271070
1673623856.281993
1673623856.293919
1673623856.304547
1673623856.317000
1673623856.328578
1673623856.342307
1673623856.353024
1673623856.363882
1673623856.374746
1673623856.385375
1673623856.396542
1673623856.407818
1673623856.418743
1673623856.430176
1673623856.441063
1673623856.451718
1673623856.463170
1673623856.474875
1673623856.485492
1673623856.496764
1673623856.508730
1673623856.520218
1673623856.531345
1673623856.542075
1673623856.553007
1673623856.563854
1673623856.574779
1673623856.585614
1673623856.597007
1673623856.607932
1673623856.618544
1673623856.629634
1673623856.641150
1673623856.651724
1673623856.663013
1673623856.675456
1673623856.686086
1673623856.696630
1673623856.708646
1673623856.719542
1673623856.730567
1673623856.742082
1673623856.752770
1673623856.763613
1673623856.774832
1673623856.785436
1673623856.796042
1673623856.807154
1673623856.817712
1673623856.828961
1673623856.839851
1673623856.850495
1673623856.861305
1673623856.872101
1673623856.882871
1673623856.893613
1673623856.904213
1673623856.915121
1673623856.926211
1673623856.936836
1673623856.948007
1673623856.958590
1673623856.969452
1673623856.980297
1673623856.990819
1673623857.001385
1673623857.012484
1673623857.023190
1673623857.041679
1673623857.052287
1673623857.063115
1673623857.073619
1673623857.084253
1673623857.095226
1673623857.105851
1673623857.116441
1673623857.127529
1673623857.139330
1673623857.149995
1673623857.160907
1673623857.171525
1673623857.182902
1673623857.194059
1673623857.205762
1673623857.216369
1673623857.227779
1673623857.238152
1673623857.248818
1673623857.260011
1673623857.270935
1673623857.281653
1673623857.292749
1673623857.303388
1673623857.314927
1673623857.326200
1673623857.336881
1673623857.348187
1673623857.359036
1673623857.369730
1673623857.380344
1673623857.392146
1673623857.402747
1673623857.413553
1673623857.425037
1673623857.436036
1673623857.446529
1673623857.459787
1673623857.470325
1673623857.481659
1673623857.492696
1673623857.503298
1673623857.514326
1673623857.525320
1673623857.535973
1673623857.546948
1673623857.557454
1673623857.568527
1673623857.579175
1673623857.591013
1673623857.603049
1673623857.614408
1673623857.625967
1673623857.636948
1673623857.648822
1673623857.659539
1673623857.670204
1673623857.681317
1673623857.693161
1673623857.703734
1673623857.714116
1673623857.725276
1673623857.736162
1673623857.747247
1673623857.759205
1673623857.769835
1673623857.780756
1673623857.792866
1673623857.803436
1673623857.814062
1673623857.825872
1673623857.836459
1673623857.847533
1673623857.859949
1673623857.870518
1673623857.881695
1673623857.893143
1673623857.903918
1673623857.915259
1673623857.926782
1673623857.937378
1673623857.948680
1673623857.959648
1673623857.970200
1673623857.980786
1673623857.991967
1673623858.002594
1673623858.013140
1673623858.025290
1673623858.036332
1673623858.047490
1673623858.058192
1673623858.068754
1673623858.079329
1673623858.092061
1673623858.102658
1673623858.113643
1673623858.125455
1673623858.136091
1673623858.146785
1673623858.158399
1673623858.169016
1673623858.180417
1673623858.192004
1673623858.203000
1673623858.214256
1673623858.224886
1673623858.235480
1673623858.246152
1673623858.258153
1673623858.268890
1673623858.279886
1673623858.291342
1673623858.301974
1673623858.312561
1673623858.326563
1673623858.337169
1673623858.348082
1673623858.359712
1673623858.370651
1673623858.381649
1673623858.392879
1673623858.403459
1673623858.414230
1673623858.426059
1673623858.436658
1673623858.447868
1673623858.459711
1673623858.470379
1673623858.481683
1673623858.492248
1673623858.503030
1673623858.513487
1673623858.524509
1673623858.535097
1673623858.545788
1673623858.557628
1673623858.568202
1673623858.579667
1673623858.590875
1673623858.601527
1673623858.611866
1673623858.624180
1673623858.634793
1673623858.645125
1673623858.658000
1673623858.668820
1673623858.679718
1673623858.690152
1673623858.701017
1673623858.712830
1673623858.723623
1673623858.734367
1673623858.745166
1673623858.755827
1673623858.766567
1673623858.777571
1673623858.788968
1673623858.800135
1673623858.810687
1673623858.821237
1673623858.832672
1673623858.843210
1673623858.853765
1673623858.864728
1673623858.875641
1673623858.886160
1673623858.897230
1673623858.908221
1673623858.918957
1673623858.929394
1673623858.947872
1673623858.958497
1673623858.969308
1673623858.980500
1673623858.991498
1673623859.002128
1673623859.013629
1673623859.023974
1673623859.034543
1673623859.045827
1673623859.057298
1673623859.067921
1673623859.079135
1673623859.090791
1673623859.101558
1673623859.112687
1673623859.124008
1673623859.134900
1673623859.145697
1673623859.157473
1673623859.168042
1673623859.178560
1673623859.190782
1673623859.201352
1673623859.211747
1673623859.224137
1673623859.234760
1673623859.245305
1673623859.257344
1673623859.268168
1673623859.279510
1673623859.290713
1673623859.301409
1673623859.312832
1673623859.324100
1673623859.334904
1673623859.346213
1673623859.357457
1673623859.368038
1673623859.379071
1673623859.392512
1673623859.403195
1673623859.414178
1673623859.425353
1673623859.436248
1673623859.447268
1673623859.458505
1673623859.469084
1673623859.479808
1673623859.491078
1673623859.501650
1673623859.512684
1673623859.524106
1673623859.534667
1673623859.546021
1673623859.557691
1673623859.568810
1673623859.579943
1673623859.590539
1673623859.601409
1673623859.612770
1673623859.624017
1673623859.634680
1673623859.645363
1673623859.657482
1673623859.668128
1673623859.678662
1673623859.691109
1673623859.701656
1673623859.712967
1673623859.724838
1673623859.736108
1673623859.747051
1673623859.757848
1673623859.768414
1673623859.779679
1673623859.791064
1673623859.801596
1673623859.812195
1673623859.824085
1673623859.834646
1673623859.845509
1673623859.857529
1673623859.868227
1673623859.878900
1673623859.890891
1673623859.901904
1673623859.912747
1673623859.924398
1673623859.934991
1673623859.946131
1673623859.957305
1673623859.967896
1673623859.979024
1673623859.989764
1673623860.000508
1673623860.011446
1673623860.021990
1673623860.032960
1673623860.043698
1673623860.054281
1673623860.064853
1673623860.076253
1673623860.086716
1673623860.097662
1673623860.108643
1673623860.119890
1673623860.130997
1673623860.141596
1673623860.152344
1673623860.163270
1673623860.174194
1673623860.184899
1673623860.196522
1673623860.207263
1673623860.217983
1673623860.228883
1673623860.241001
1673623860.251769
1673623860.262998
1673623860.274380
1673623860.285080
1673623860.296449
1673623860.306860
1673623860.317969
1673623860.328457
1673623860.339935
1673623860.350564
1673623860.361953
1673623860.373342
1673623860.383977
1673623860.395160
1673623860.406897
1673623860.417596
1673623860.428533
1673623860.439978
1673623860.450887
1673623860.461736
1673623860.473447
1673623860.484136
1673623860.495338
1673623860.508121
1673623860.518650
1673623860.530512
1673623860.543421
1673623860.553982
1673623860.564464
1673623860.576101
1673623860.586674
1673623860.597116
1673623860.608674
1673623860.619395
1673623860.630758
1673623860.642012
1673623860.652553
1673623860.663866
1673623860.674516
1673623860.685052
1673623860.696391
1673623860.708806
1673623860.719334
1673623860.730483
1673623860.742156
1673623860.753244
1673623860.764786
1673623860.775905
1673623860.786555
1673623860.797322
1673623860.807882
1673623860.818440
1673623860.829358
1673623860.841696
1673623860.852226
1673623860.863529
1673623860.874780
1673623860.885344
1673623860.895749
1673623860.908846
1673623860.919738
1673623860.930767
1673623860.942219
1673623860.952757
1673623860.964072
1673623860.975488
1673623860.986082
1673623860.997374
1673623861.024959
1673623861.035586
1673623861.046201
1673623861.057048
1673623861.068367
1673623861.079352
1673623861.090566
1673623861.101592
1673623861.112527
1673623861.123331
1673623861.134132
1673623861.145111
1673623861.156096
1673623861.167107
1673623861.178097
1673623861.189489
1673623861.200201
1673623861.211166
1673623861.221612
1673623861.232887
1673623861.243884
1673623861.254551
1673623861.265455
1673623861.276742
1673623861.287642
1673623861.298835
1673623861.309379
1673623861.320332
1673623861.331409
1673623861.343963
1673623861.354711
1673623861.365449
1673623861.377055
1673623861.387622
1673623861.398461
1673623861.411064
1673623861.427198
1673623861.443845
1673623861.457681
1673623861.468513
1673623861.480044
1673623861.491877
1673623861.502655
1673623861.513483
1673623861.524838
1673623861.535517
1673623861.546672
1673623861.557986
1673623861.568546
1673623861.579720
1673623861.591250
1673623861.601911
1673623861.612958
1673623861.624540
1673623861.635091
1673623861.652712
1673623861.669051
1673623861.680436
1673623861.691622
1673623861.702136
1673623861.712646
1673623861.724023
1673623861.735421
1673623861.746061
1673623861.757336
1673623861.768777
1673623861.779917
1673623861.790605
1673623861.801162
1673623861.812590
1673623861.823989
1673623861.834943
1673623861.845606
1673623861.856434
1673623861.867769
1673623861.878595
1673623861.889654
1673623861.900766
1673623861.912522
1673623861.924058
1673623861.935612
1673623861.946633
1673623861.962240
1673623861.978147
1673623861.994071
1673623862.010893
1673623862.026700
1673623862.037344
1673623862.047908
1673623862.061588
1673623862.078588
1673623862.094574
1673623862.111118
1673623862.126917
1673623862.144527
1673623862.157284
1673623862.168918
1673623862.180087
1673623862.191141
1673623862.202240
1673623862.213384
1673623862.225452
1673623862.236911
1673623862.248326
1673623862.259606
1673623862.270846
1673623862.290946
1673623862.301720
1673623862.312618
1673623862.324166
1673623862.334801
1673623862.345508
1673623862.357960
1673623862.369250
1673623862.380526
1673623862.393040
1673623862.408949
1673623862.420368
1673623862.443761
1673623862.461122
1673623862.478016
1673623862.495037
1673623862.510254
1673623862.530005
1673623862.541079
1673623862.553235
1673623862.564263
1673623862.575303
1673623862.585969
1673623862.596518
1673623862.607388
1673623862.618042
1673623862.628929
1673623862.639635
1673623862.651143
1673623862.661905
1673623862.673342
1673623862.684527
1673623862.696293
1673623862.707400
1673623862.718585
1673623862.732364
1673623862.744128
1673623862.755097
1673623862.766155
1673623862.777057
1673623862.788131
1673623862.799133
1673623862.810354
1673623862.821088
1673623862.832347
1673623862.843886
1673623862.854444
1673623862.866079
1673623862.877313
1673623862.891595
1673623862.902996
1673623862.914651
1673623862.926236
1673623862.937298
1673623862.948895
1673623862.960595
1673623862.974025
1673623862.984704
1673623862.996008
1673623863.007199
1673623863.017853
1673623863.029208
1673623863.042251
1673623863.053487
1673623863.064521
1673623863.076260
1673623863.091850
1673623863.103616
1673623863.114740
1673623863.127731
1673623863.144850
1673623863.160362
1673623863.176759
1673623863.187382
1673623863.198875
1673623863.211026
1673623863.227169
1673623863.244537
1673623863.259134
1673623863.270473
1673623863.282287
1673623863.294270
1673623863.309231
1673623863.320387
1673623863.332534
1673623863.344804
1673623863.358003
1673623863.368586
1673623863.381778
1673623863.392590
1673623863.403880
1673623863.415092
1673623863.425683
1673623863.436594
1673623863.447543
1673623863.459231
1673623863.470371
1673623863.482292
1673623863.493659
1673623863.504671
1673623863.515832
1673623863.527519
1673623863.543848
1673623863.560250
1673623863.576452
1673623863.587229
1673623863.597965
1673623863.610813
1673623863.621458
1673623863.632424
1673623863.643461
1673623863.654047
1673623863.665024
1673623863.676285
1673623863.687566
1673623863.699221
1673623863.711741
1673623863.723184
1673623863.734864
1673623863.745979
1673623863.757574
1673623863.768781
1673623863.779074
1673623863.789702
1673623863.800628
1673623863.811389
1673623863.822015
1673623863.832904
1673623863.843668
1673623863.855390
1673623863.866064
1673623863.878150
1673623863.889853
1673623863.900527
1673623863.911527
1673623863.930766
1673623863.941624
1673623863.952775
1673623863.964489
1673623863.975192
1673623863.985712
1673623863.997020
1673623864.008925
1673623864.019657
1673623864.030547
1673623864.041025
1673623864.051668
1673623864.062966
1673623864.075278
1673623864.086491
1673623864.098165
1673623864.108922
1673623864.119925
1673623864.131263
1673623864.142397
1673623864.153158
1673623864.165166
1673623864.176394
1673623864.188435
1673623864.199669
1673623864.211410
1673623864.226624
1673623864.243369
1673623864.253946
1673623864.264663
1673623864.275561
1673623864.286462
1673623864.297473
1673623864.309197
1673623864.319960
1673623864.330949
1673623864.342503
1673623864.353269
1673623864.364105
1673623864.376180
1673623864.386772
1673623864.397316
1673623864.409633
1673623864.420302
1673623864.431698
1673623864.442302
1673623864.453122
1673623864.464051
1673623864.476044
1673623864.486763
1673623864.498221
1673623864.509511
1673623864.520215
1673623864.530985
1673623864.545156
1673623864.561036
1673623864.577871
1673623864.595057
1673623864.610951
1673623864.627651
1673623864.641886
1673623864.652714
1673623864.663878
1673623864.675297
1673623864.685891
1673623864.697278
1673623864.708609
1673623864.719364
1673623864.730471
1673623864.742021
1673623864.752538
1673623864.763481
1673623864.775325
1673623864.786206
1673623864.797236
1673623864.808344
1673623864.818920
1673623864.830193
1673623864.846696
1673623864.857477
1673623864.869719
1673623864.881096
1673623864.892347
1673623864.903058
1673623864.913671
1673623864.925971
1673623864.936574
1673623864.947603
1673623864.959234
1673623864.969795
1673623864.981114
1673623864.992558
1673623865.003439
1673623865.014508
1673623865.025942
1673623865.036497
1673623865.052918
1673623865.063812
1673623865.074242
1673623865.085009
1673623865.096311
1673623865.107238
1673623865.117846
1673623865.129251
1673623865.139847
1673623865.150688
1673623865.161313
1673623865.173053
1673623865.183882
1673623865.194837
1673623865.205790
1673623865.216955
1673623865.227931
1673623865.238975
1673623865.250036
1673623865.261180
1673623865.271683
1673623865.282597
1673623865.293058
1673623865.304423
1673623865.315845
1673623865.326676
1673623865.337264
1673623865.348017
1673623865.364311
1673623865.380566
1673623865.397116
1673623865.414428
1673623865.430586
1673623865.447071
1673623865.462202
1673623865.478818
1673623865.494924
1673623865.511831
1673623865.528422
1673623865.545142
1673623865.559962
1673623865.576644
1673623865.593107
1673623865.603855
1673623865.615111
1673623865.626859
1673623865.643423
1673623865.654181
1673623865.665092
1673623865.676263
1673623865.687196
1673623865.698118
1673623865.709775
1673623865.720737
1673623865.731390
1673623865.750461
1673623865.761388
1673623865.776484
1673623865.787294
1673623865.798090
1673623865.808997
1673623865.819752
1673623865.831083
1673623865.842229
1673623865.852812
1673623865.864199
1673623865.875594
1673623865.886173
1673623865.897093
1673623865.908410
1673623865.918936
1673623865.929940
1673623865.942166
1673623865.952890
1673623865.964066
1673623865.975587
1673623865.986512
1673623865.997466
1673623866.008694
1673623866.019253
1673623866.029792
1673623866.047230
1673623866.059709
1673623866.070287
1673623866.081876
1673623866.094143
1673623866.110608
1673623866.127470
1673623866.144214
1673623866.159732
1673623866.170326
1673623866.180779
1673623866.193172
1673623866.203778
1673623866.214441
1673623866.227190
1673623866.237875
1673623866.249005
1673623866.260266
1673623866.271358
1673623866.282472
1673623866.293356
1673623866.303962
1673623866.314744
1673623866.330950
1673623866.344212
1673623866.361617
1673623866.378301
1673623866.394718
1673623866.410025
1673623866.420794
1673623866.431848
1673623866.443248
1673623866.453751
1673623866.464165
1673623866.476590
1673623866.487152
1673623866.498435
1673623866.511067
1673623866.528036
1673623866.543861
1673623866.560826
1673623866.577427
1673623866.594360
1673623866.611212
1673623866.627364
1673623866.643266
1673623866.653825
1673623866.664283
1673623866.681221
1673623866.694341
1673623866.709900
1673623866.720672
1673623866.731785
1673623866.748854
1673623866.761096
1673623866.777477
1673623866.794948
1673623866.810021
1673623866.820689
1673623866.832007
1673623866.844390
1673623866.860796
1673623866.877218
1673623866.894399
1673623866.910296
1673623866.920879
1673623866.931280
1673623866.943552
1673623866.954449
1673623866.965225
1673623866.977109
1673623866.993143
1673623867.003843
1673623867.014584
1673623867.027290
1673623867.037986
1673623867.049531
1673623867.062262
1673623867.079145
1673623867.094301
1673623867.111805
1673623867.127851
1673623867.140711
1673623867.151701
1673623867.162471
1673623867.174136
1673623867.184678
1673623867.195535
1673623867.207333
1673623867.217886
1673623867.229139
1673623867.240996
1673623867.251539
1673623867.262516
1673623867.274057
1673623867.284919
1673623867.295732
1673623867.307410
1673623867.318000
1673623867.329169
1673623867.340696
1673623867.351247
1673623867.362411
1673623867.374317
1673623867.385001
1673623867.395929
1673623867.411865
1673623867.427684
1673623867.443993
1673623867.460667
1673623867.477341
1673623867.494138
1673623867.510671
1673623867.527506
1673623867.544073
1673623867.560412
1673623867.577460
1673623867.594118
1673623867.610806
1673623867.626552
1673623867.637124
1673623867.648238
1673623867.660871
1673623867.676991
1673623867.687601
1673623867.698602
1673623867.711392
1673623867.728050
1673623867.744866
1673623867.761306
1673623867.778670
1673623867.794789
1673623867.811268
1673623867.828043
1673623867.844761
1673623867.861154
1673623867.877944
1673623867.895097
1673623867.911580
1673623867.928528
1673623867.945221
1673623867.961746
1673623867.980991
1673623867.995186
1673623868.012546
1673623868.028467
1673623868.040704
1673623868.051284
1673623868.062461
1673623868.073810
1673623868.084381
1673623868.095564
1673623868.107231
1673623868.117754
1673623868.128205
1673623868.142514
1673623868.153548
1673623868.164786
1673623868.175147
1673623868.185745
1673623868.196919
1673623868.207342
1673623868.217931
1673623868.229292
1673623868.249248
1673623868.260368
1673623868.274074
1673623868.285099
1673623868.296415
1673623868.307628
1673623868.318145
1673623868.329338
1673623868.340797
1673623868.351460
1673623868.361762
1673623868.374446
1673623868.385004
1673623868.396092
1673623868.407656
1673623868.418526
1673623868.429276
1673623868.445861
1673623868.461087
1673623868.476871
1673623868.487453
1673623868.501647
1673623868.512194
1673623868.523388
1673623868.533941
1673623868.545097
1673623868.556616
1673623868.567478
1673623868.578272
1673623868.590717
1673623868.601700
1673623868.612621
1673623868.623848
1673623868.634501
1673623868.648689
1673623868.659908
1673623868.670415
1673623868.680830
1673623868.691880
1673623868.702406
1673623868.712965
1673623868.723689
1673623868.734578
1673623868.745394
1673623868.755946
1673623868.766461
1673623868.777410
1673623868.787903
1673623868.798926
1673623868.809568
1673623868.820206
1673623868.830971
1673623868.847400
1673623868.857844
1673623868.868875
1673623868.880620
1673623868.891298
1673623868.901955
1673623868.912656
1673623868.923824
1673623868.934374
1673623868.945290
1673623868.955830
1673623868.966356
1673623868.977599
1673623868.988736
1673623868.999321
1673623869.009988
1673623869.020486
1673623869.032545
1673623869.043456
1673623869.053934
1673623869.065242
1673623869.076313
1673623869.086894
1673623869.097339
1673623869.108134
1673623869.118700
1673623869.130031
1673623869.141245
1673623869.152132
1673623869.163383
1673623869.177749
1673623869.194170
1673623869.209944
1673623869.220485
1673623869.231238
1673623869.243426
1673623869.254092
1673623869.264853
1673623869.276836
1673623869.287338
1673623869.298067
1673623869.309863
1673623869.320366
1673623869.330846
1673623869.343316
1673623869.353820
1673623869.364469
1673623869.377274
1673623869.387832
1673623869.398499
1673623869.409759
1673623869.420614
1673623869.431574
1673623869.443955
1673623869.454474
1673623869.465028
1673623869.477441
1673623869.488012
1673623869.499309
1673623869.511935
1673623869.528418
1673623869.545000
1673623869.561737
1673623869.577578
1673623869.595165
1673623869.611900
1673623869.627490
1673623869.645215
1673623869.661684
1673623869.678443
1673623869.695121
1673623869.712297
1673623869.728537
1673623869.746416
1673623869.762939
1673623869.780573
1673623869.797266
1673623869.813595
1673623869.829665
1673623869.847190
1673623869.863944
1673623869.880315
1673623869.897380
1673623869.914124
1673623869.929839
1673623869.947800
1673623869.963540
1673623869.980898
1673623869.996668
1673623870.012940
1673623870.030777
1673623870.047270
1673623870.059735
1673623870.070599
1673623870.081648
1673623870.094142
1673623870.104648
1673623870.116079
1673623870.127551
1673623870.138087
1673623870.149333
1673623870.160736
1673623870.177516
1673623870.193903
1673623870.210730
1673623870.227475
1673623870.244067
1673623870.257809
1673623870.268444
1673623870.279414
1673623870.291204
1673623870.301848
1673623870.312898
1673623870.325030
1673623870.335568
1673623870.346842
1673623870.358121
1673623870.368696
1673623870.379580
1673623870.391300
1673623870.402130
1673623870.412969
1673623870.424887
1673623870.435394
1673623870.446535
1673623870.457937
1673623870.468552
1673623870.479402
1673623870.491776
1673623870.502358
1673623870.512621
1673623870.526074
1673623870.536726
1673623870.547825
1673623870.559221
1673623870.569704
1673623870.580584
1673623870.592485
1673623870.603040
1673623870.614257
1673623870.626124
1673623870.636699
1673623870.647070
1673623870.660975
1673623870.671557
1673623870.682764
1673623870.693130
1673623870.703848
1673623870.714995
1673623870.726610
1673623870.737140
1673623870.748716
1673623870.759847
1673623870.770379
1673623870.781452
1673623870.793773
1673623870.804292
1673623870.814814
1673623870.826998
1673623870.837662
1673623870.848067
1673623870.860311
1673623870.870960
1673623870.881893
1673623870.893195
1673623870.903831
1673623870.915067
1673623870.927106
1673623870.937611
1673623870.948226
1673623870.962402
1673623870.978813
1673623870.995474
1673623871.012074
1673623871.028781
1673623871.046100
1673623871.062913
1673623871.079455
1673623871.095970
1673623871.111933
1673623871.129504
1673623871.146006
1673623871.161791
1673623871.178404
1673623871.195088
1673623871.211646
1673623871.229940
1673623871.244455
1673623871.260167
1673623871.277561
1673623871.293993
1673623871.310942
1673623871.327533
1673623871.344223
1673623871.360973
1673623871.377614
1673623871.394102
1673623871.410953
1673623871.427765
1673623871.443932
1673623871.460212
1673623871.476494
1673623871.487219
1673623871.498309
1673623871.509767
1673623871.520349
1673623871.531564
1673623871.543354
1673623871.554065
1673623871.565235
1673623871.576502
1673623871.587008
1673623871.597668
1673623871.610336
1673623871.620859
1673623871.632211
1673623871.643672
1673623871.654303
1673623871.664791
1673623871.676046
1673623871.686812
1673623871.697786
1673623871.710128
1673623871.720667
1673623871.731982
1673623871.743323
1673623871.753834
1673623871.765158
1673623871.776707
1673623871.787720
1673623871.798868
1673623871.810401
1673623871.820932
1673623871.831304
1673623871.842885
1673623871.853642
1673623871.864595
1673623871.878706
1673623871.893214
1673623871.904133
1673623871.915095
1673623871.926242
1673623871.936695
1673623871.947428
1673623871.961842
1673623871.978499
1673623871.994775
1673623872.011845
1673623872.028669
1673623872.044995
1673623872.062299
1673623872.079631
1673623872.095206
1673623872.111800
1673623872.128952
1673623872.144128
1673623872.160479
1673623872.177309
1673623872.194668
1673623872.210593
1673623872.227610
1673623872.244485
1673623872.260945
1673623872.277754
1673623872.294421
1673623872.311096
1673623872.327624
1673623872.344046
1673623872.360665
1673623872.377918
1673623872.394371
1673623872.411550
1673623872.427610
1673623872.444136
1673623872.460990
1673623872.478236
1673623872.494829
1673623872.510920
1673623872.527682
1673623872.544206
1673623872.560883
1673623872.578399
1673623872.594548
1673623872.611616
1673623872.627629
1673623872.646372
1673623872.662894
1673623872.680443
1673623872.696960
1673623872.713642
1673623872.729706
1673623872.746417
1673623872.762142
1673623872.778223
1673623872.795204
1673623872.811474
1673623872.828168
1673623872.844869
1673623872.861315
1673623872.877988
1673623872.894791
1673623872.912727
1673623872.929184
1673623872.945726
1673623872.961279
1673623872.977688
1673623872.994129
1673623873.010802
1673623873.027627
1673623873.044095
1673623873.060543
1673623873.077975
1673623873.094661
1673623873.111329
1673623873.128168
1673623873.144362
1673623873.160936
1673623873.177801
1673623873.194106
1673623873.210533
1673623873.227539
1673623873.244550
1673623873.260911
1673623873.278305
1673623873.295170
1673623873.311702
1673623873.328439
1673623873.344879
1673623873.361026
1673623873.376489
1673623873.387113
1673623873.397962
1673623873.409443
1673623873.420013
1673623873.430916
1673623873.442664
1673623873.453175
1673623873.463631
1673623873.476085
1673623873.487152
1673623873.497878
1673623873.509314
1673623873.520085
1673623873.530632
1673623873.542730
1673623873.553287
1673623873.568088
1673623873.579325
1673623873.590333
1673623873.600989
1673623873.612427
1673623873.624300
1673623873.634856
1673623873.645938
1673623873.657301
1673623873.667880
1673623873.679078
1673623873.690939
1673623873.701654
1673623873.712470
1673623873.724387
1673623873.734985
1673623873.745854
1673623873.757224
1673623873.767808
1673623873.780017
1673623873.790964
1673623873.801519
1673623873.812805
1673623873.824310
1673623873.834868
1673623873.845696
1673623873.859607
1673623873.870306
1673623873.880945
1673623873.893100
1673623873.903658
1673623873.915221
1673623873.926316
1673623873.936862
1673623873.947431
1673623873.960327
1673623873.970883
1673623873.981325
1673623873.993097
1673623874.003664
1673623874.014736
1673623874.027019
1673623874.037662
1673623874.059538
1673623874.070076
1673623874.080911
1673623874.092687
1673623874.103229
1673623874.113959
1673623874.126136
1673623874.143439
1673623874.154026
1673623874.164432
1673623874.177142
1673623874.192598
1673623874.209837
1673623874.220438
1673623874.231734
1673623874.243626
1673623874.254154
1673623874.264889
1673623874.276381
1673623874.289024
1673623874.299567
1673623874.310440
1673623874.322732
1673623874.333278
1673623874.343821
1673623874.355512
1673623874.366565
1673623874.377076
1673623874.387667
1673623874.398214
1673623874.408756
1673623874.419341
1673623874.435718
1673623874.446794
1673623874.458555
1673623874.472262
1673623874.482765
1673623874.493491
1673623874.505474
1673623874.516011
1673623874.526931
1673623874.537896
1673623874.549048
1673623874.559869
1673623874.570453
1673623874.581640
1673623874.592638
1673623874.603173
1673623874.614688
1673623874.625228
1673623874.635741
1673623874.646536
1673623874.657790
1673623874.668864
1673623874.680174
1673623874.691011
1673623874.701555
1673623874.718882
1673623874.737906
1673623874.755174
1673623874.765878
1673623874.777241
1673623874.787866
1673623874.799139
1673623874.810408
1673623874.820973
1673623874.833466
1673623874.844214
1673623874.855627
1673623874.866192
1673623874.876934
1673623874.887848
1673623874.899346
1673623874.909760
1673623874.920820
1673623874.931901
1673623874.943567
1673623874.954710
1673623874.965990
1673623874.977199
1673623874.988494
1673623874.999603
1673623875.010563
1673623875.020941
1673623875.031432
1673623875.041822
1673623875.052445
1673623875.063471
1673623875.074457
1673623875.084970
1673623875.096045
1673623875.107153
1673623875.117716
1673623875.128173
1673623875.138949
1673623875.149635
1673623875.160251
1673623875.170777
1673623875.181952
1673623875.193087
1673623875.203616
1673623875.214846
1673623875.225871
1673623875.236864
1673623875.247346
1673623875.258310
1673623875.268767
1673623875.280156
1673623875.291479
1673623875.301975
1673623875.313056
1673623875.324085
1673623875.334647
1673623875.345208
1673623875.360587
1673623875.377855
1673623875.394579
1673623875.410565
1673623875.428056
1673623875.444296
1673623875.460460
1673623875.471004
1673623875.481932
1673623875.494314
1673623875.510775
1673623875.527189
1673623875.544639
1673623875.561275
1673623875.577107
1673623875.587654
1673623875.635482
1673623875.646065
1673623875.657242
1673623875.668659
1673623875.679742
1673623875.690290
1673623875.700794
1673623875.713259
1673623875.729027
1673623875.745454
1673623875.761980
1673623875.777719
1673623875.795599
1673623875.811400
1673623875.827397
1673623875.844596
1673623875.861655
1673623875.877939
1673623875.894490
1673623875.910915
1673623875.928010
1673623875.944493
1673623875.961637
1673623875.978029
1673623875.994705
1673623876.011120
1673623876.027889
1673623876.046811
1673623876.063358
1673623876.079564
1673623876.096081
1673623876.113270
1673623876.129815
1673623876.145178
1673623876.162656
1673623876.178573
1673623876.195137
1673623876.212274
1673623876.229616
1673623876.245281
1673623876.262329
1673623876.278989
1673623876.295400
1673623876.312716
1673623876.329180
1673623876.345768
1673623876.361773
1673623876.379106
1673623876.396825
1673623876.414354
1673623876.429753
1673623876.446653
1673623876.463388
1673623876.479632
1673623876.496022
1673623876.513079
1673623876.529242
1673623876.546968
1673623876.562692
1673623876.578532
1673623876.595517
1673623876.611362
1673623876.628887
1673623876.644445
1673623876.661120
1673623876.678589
1673623876.695033
1673623876.712004
1673623876.728997
1673623876.745176
1673623876.762488
1673623876.777739
1673623876.794575
1673623876.812070
1673623876.829015
1673623876.845350
1673623876.862195
1673623876.878941
1673623876.895919
1673623876.912321
1673623876.928916
1673623876.945400
1673623876.962067
1673623876.978764
1673623876.995396
1673623877.012062
1673623877.028821
1673623877.046489
1673623877.063160
1673623877.079835
1673623877.096516
1673623877.113472
1673623877.130561
1673623877.146659
1673623877.163072
1673623877.180323
1673623877.197244
1673623877.212127
1673623877.228725
1673623877.245802
1673623877.262627
1673623877.279206
1673623877.295993
1673623877.311921
1673623877.329108
1673623877.345622
1673623877.362564
1673623877.378589
1673623877.395264
1673623877.411626
1673623877.428653
1673623877.444983
1673623877.461632
1673623877.478998
1673623877.495481
1673623877.512052
1673623877.528833
1673623877.545197
1673623877.561855
1673623877.578906
1673623877.595447
1673623877.612196
1673623877.628784
1673623877.645484
1673623877.662135
1673623877.678731
1673623877.695604
1673623877.711926
1673623877.728688
1673623877.745844
1673623877.762623
1673623877.779904
1673623877.794908
1673623877.811865
1673623877.828328
1673623877.844984
1673623877.861814
1673623877.878852
1673623877.895858
1673623877.912296
1673623877.928397
1673623877.945532
1673623877.961662
1673623877.978626
1673623877.995867
1673623878.011746
1673623878.028279
1673623878.045385
1673623878.059671
1673623878.070626
1673623878.081943
1673623878.092255
1673623878.102775
1673623878.114110
1673623878.125711
1673623878.136171
1673623878.159219
1673623878.175756
1673623878.186314
1673623878.196700
1673623878.207803
1673623878.218388
1673623878.228758
1673623878.239315
1673623878.250221
1673623878.261099
1673623878.271988
1673623878.282600
1673623878.293774
1673623878.305049
1673623878.316210
1673623878.327175
1673623878.338654
1673623878.349102
1673623878.359565
1673623878.370015
1673623878.381473
1673623878.392847
1673623878.403286
1673623878.414407
1673623878.425200
1673623878.435640
1673623878.446792
1673623878.457293
1673623878.467797
1673623878.478919
1673623878.489728
1673623878.500487
1673623878.510884
1673623878.521866
1673623878.533020
1673623878.547681
1673623878.558191
1673623878.568816
1673623878.580148
1673623878.590730
1673623878.601316
1673623878.612461
1673623878.623313
1673623878.634004
1673623878.645101
1673623878.655711
1673623878.666208
1673623878.677463
1673623878.688786
1673623878.699429
1673623878.710397
1673623878.721567
1673623878.732083
1673623878.743263
1673623878.754628
1673623878.765749
1673623878.776631
1673623878.787964
1673623878.799448
1673623878.809908
1673623878.820363
1673623878.831157
1673623878.842307
1673623878.852827
1673623878.863945
1673623878.874726
1673623878.885355
1673623878.896574
1673623878.907383
1673623878.917917
1673623878.929263
1673623878.940813
1673623878.951306
1673623878.962725
1673623878.973855
1673623878.984460
1673623878.995785
1673623879.007279
1673623879.017764
1673623879.029111
1673623879.040681
1673623879.051371
1673623879.062460
1673623879.073848
1673623879.084319
1673623879.095558
1673623879.109683
1673623879.120348
1673623879.130956
1673623879.143279
1673623879.153760
1673623879.164174
1673623879.177930
1673623879.194619
1673623879.211195
1673623879.227846
1673623879.244104
1673623879.261032
1673623879.277717
1673623879.294151
1673623879.310865
1673623879.326554
1673623879.337075
1673623879.347385
1673623879.360566
1673623879.371163
1673623879.381653
1673623879.393322
1673623879.404211
1673623879.415207
1673623879.427292
1673623879.437813
1673623879.449596
1673623879.460987
1673623879.476340
1673623879.487000
1673623879.498046
1673623879.508870
1673623879.519413
1673623879.530770
1673623879.542582
1673623879.553144
1673623879.564232
1673623879.575662
1673623879.586176
1673623879.597071
1673623879.609121
1673623879.619804
1673623879.630442
1673623879.642542
1673623879.653085
1673623879.664488
1673623879.675834
1673623879.686390
1673623879.697340
1673623879.709246
1673623879.719760
1673623879.732318
1673623879.745816
1673623879.760100
1673623879.771282
1673623879.782170
1673623879.792993
1673623879.803516
1673623879.814005
1673623879.825159
1673623879.835816
1673623879.846237
1673623879.858336
1673623879.868814
1673623879.880511
1673623879.891755
1673623879.902289
1673623879.912752
1673623879.925312
1673623879.935913
1673623879.948352
1673623879.958779
1673623879.969612
1673623879.980400
1673623879.991376
1673623880.002236
1673623880.013260
1673623880.024750
1673623880.035366
1673623880.046810
1673623880.057608
1673623880.068069
1673623880.079045
1673623880.090668
1673623880.101182
1673623880.112018
1673623880.123088
1673623880.133692
1673623880.144619
1673623880.155026
1673623880.165363
1673623880.176974
1673623880.187538
1673623880.198600
1673623880.209032
1673623880.219692
1673623880.230272
1673623880.241394
1673623880.252555
1673623880.265235
1673623880.276321
1673623880.286793
1673623880.297511
1673623880.307858
1673623880.318642
1673623880.330067
1673623880.341396
1673623880.351982
1673623880.363154
1673623880.373624
1673623880.384413
1673623880.395420
1673623880.406419
1673623880.416929
1673623880.428706
1673623880.439909
1673623880.450416
1673623880.460752
1673623880.471364
1673623880.481673
1673623880.492978
1673623880.503590
1673623880.514220
1673623880.525233
1673623880.535718
1673623880.546902
1673623880.557642
1673623880.568231
1673623880.579059
1673623880.589837
1673623880.600439
1673623880.611173
1673623880.621662
1673623880.632826
1673623880.643287
1673623880.653747
1673623880.664989
1673623880.676286
1673623880.686786
1673623880.697670
1673623880.709600
1673623880.720503
1673623880.731242
1673623880.741952
1673623880.752770
1673623880.763318
1673623880.775770
1673623880.786238
1673623880.797395
1673623880.808272
1673623880.818742
1673623880.829358
1673623880.840096
1673623880.850577
1673623880.861539
1673623880.874404
1673623880.885008
1673623880.895402
1673623880.907493
1673623880.917952
1673623880.929029
1673623880.940542
1673623880.951055
1673623880.962084
1673623880.973972
1673623880.984457
1673623880.995760
1673623881.006746
1673623881.017328
1673623881.028113
1673623881.038619
1673623881.049273
1673623881.060061
1673623881.070547
1673623881.081724
1673623881.093254
1673623881.103844
1673623881.114588
1673623881.124964
1673623881.135842
1673623881.146101
1673623881.156492
1673623881.167145
1673623881.178554
1673623881.190023
1673623881.200625
1673623881.211889
1673623881.224207
1673623881.234814
1673623881.245915
1673623881.257296
1673623881.267824
1673623881.278406
1673623881.290634
1673623881.301280
1673623881.312539
1673623881.324004
1673623881.334550
1673623881.346040
1673623881.357328
1673623881.367901
1673623881.379053
1673623881.390996
1673623881.401586
1673623881.412193
1673623881.424254
1673623881.435298
1673623881.446116
1673623881.457637
1673623881.468868
1673623881.479465
1673623881.490664
1673623881.501174
1673623881.511652
1673623881.528210
1673623881.545349
1673623881.560958
1673623881.577828
1673623881.594501
1673623881.611073
1673623881.627632
1673623881.644601
1673623881.660774
1673623881.676921
1673623881.687378
1673623881.698111
1673623881.710750
1673623881.721349
1673623881.732378
1673623881.744442
1673623881.754985
1673623881.765348
1673623881.777093
1673623881.787586
1673623881.798739
1673623881.811397
1673623881.828020
1673623881.844264
1673623881.861470
1673623881.875288
1673623881.886207
1673623881.896999
1673623881.908364
1673623881.919082
1673623881.930436
1673623881.941614
1673623881.952162
1673623881.962949
1673623881.974670
1673623881.985168
1673623881.996116
1673623882.008539
1673623882.019626
1673623882.030683
1673623882.041286
1673623882.051993
1673623882.062974
1673623882.074894
1673623882.085505
1673623882.096288
1673623882.106706
1673623882.117213
1673623882.128135
1673623882.138929
1673623882.149473
1673623882.160174
1673623882.170691
1673623882.181352
1673623882.191838
1673623882.202439
1673623882.213707
1673623882.224250
1673623882.234794
1673623882.245965
1673623882.256897
1673623882.267656
1673623882.278467
1673623882.289827
1673623882.300961
1673623882.311629
1673623882.322125
1673623882.332721
1673623882.343772
1673623882.354290
1673623882.365386
1673623882.376090
1673623882.386835
1673623882.397636
1673623882.408403
1673623882.418918
1673623882.430576
1673623882.441664
1673623882.454496
1673623882.465013
1673623882.476056
1673623882.486603
1673623882.497813
1673623882.508356
1673623882.519218
1673623882.529501
1673623882.540769
1673623882.551608
1673623882.562545
1673623882.574413
1673623882.584938
1673623882.596160
1673623882.607669
1673623882.618193
1673623882.628543
1673623882.640506
1673623882.651037
1673623882.662300
1673623882.674612
1673623882.685655
1673623882.696532
1673623882.707774
1673623882.718650
1673623882.729922
1673623882.740446
1673623882.750978
1673623882.761431
1673623882.773365
1673623882.783936
1673623882.794716
1673623882.806839
1673623882.817507
1673623882.829077
1673623882.839991
1673623882.850864
1673623882.861236
1673623882.873864
1673623882.884868
1673623882.895511
1673623882.906654
1673623882.917236
1673623882.927806
1673623882.938497
1673623882.949696
1673623882.960720
1673623882.973415
1673623882.990628
1673623883.001246
1673623883.011929
1673623883.023994
1673623883.034909
1673623883.046160
1673623883.057149
1673623883.067894
1673623883.078712
1673623883.090709
1673623883.101266
1673623883.111975
1673623883.124117
1673623883.134685
1673623883.145159
1673623883.157687
1673623883.174090
1673623883.184698
1673623883.196003
1673623883.208464
1673623883.219071
1673623883.229381
1673623883.240990
1673623883.251970
1673623883.262716
1673623883.275082
1673623883.285923
1673623883.296969
1673623883.307764
1673623883.318365
1673623883.329489
1673623883.341477
1673623883.352082
1673623883.362798
1673623883.374358
1673623883.384902
1673623883.395651
1673623883.406075
1673623883.416871
1673623883.427593
1673623883.438113
1673623883.448805
1673623883.459969
1673623883.470520
1673623883.481690
1673623883.492924
1673623883.503600
1673623883.513996
1673623883.524600
1673623883.535659
1673623883.546341
1673623883.559659
1673623883.570948
1673623883.582433
1673623883.593788
1673623883.604381
1673623883.615408
1673623883.626216
1673623883.636625
1673623883.647894
1673623883.658329
1673623883.669862
1673623883.680442
1673623883.691482
1673623883.702199
1673623883.713130
1673623883.723828
1673623883.734389
1673623883.745684
1673623883.756926
1673623883.767449
1673623883.778122
1673623883.789597
1673623883.800183
1673623883.811480
1673623883.822819
1673623883.833575
1673623883.844246
1673623883.858717
1673623883.869303
1673623883.880530
1673623883.891894
1673623883.902455
1673623883.913600
1673623883.924698
1673623883.935215
1673623883.946354
1673623883.958654
1673623883.969507
1673623883.980235
1673623883.990895
1673623884.001506
1673623884.012740
1673623884.024899
1673623884.035505
1673623884.047131
1673623884.057895
1673623884.068426
1673623884.079490
1673623884.091954
1673623884.102494
1673623884.113132
1673623884.125560
1673623884.136314
1673623884.146800
1673623884.159036
1673623884.169694
1673623884.180958
1673623884.192307
1673623884.202898
1673623884.213573
1673623884.224847
1673623884.235372
1673623884.245860
1673623884.257081
1673623884.267727
1673623884.278944
1673623884.289279
1673623884.300044
1673623884.310961
1673623884.321514
1673623884.332392
1673623884.343609
1673623884.354716
1673623884.365660
1673623884.376682
1673623884.387734
1673623884.398534
1673623884.409868
1673623884.420446
1673623884.431551
1673623884.442632
1673623884.453191
1673623884.463984
1673623884.475482
1673623884.486036
1673623884.497183
1673623884.507837
1673623884.518836
1673623884.529418
1673623884.540689
1673623884.552808
1673623884.563236
1673623884.573974
1673623884.584559
1673623884.595563
1673623884.606202
1673623884.616855
1673623884.627414
1673623884.638355
1673623884.648815
1673623884.659433
1673623884.670051
1673623884.681414
1673623884.692233
1673623884.702774
1673623884.713704
1673623884.724912
1673623884.735417
1673623884.746714
1673623884.757627
1673623884.768516
1673623884.779153
1673623884.789538
1673623884.800406
1673623884.811328
1673623884.821886
1673623884.832540
1673623884.843133
1673623884.853649
1673623884.864707
1673623884.875360
1673623884.886222
1673623884.896764
1673623884.907381
1673623884.918288
1673623884.929211
1673623884.940470
1673623884.951011
1673623884.961599
1673623884.973828
1673623884.984356
1673623884.995000
1673623885.007662
1673623885.018406
1673623885.044215
1673623885.055372
1673623885.066418
1673623885.076961
1673623885.087516
1673623885.098654
1673623885.109340
1673623885.119884
1673623885.130514
1673623885.141667
1673623885.153687
1673623885.164237
1673623885.175033
1673623885.185598
1673623885.196766
1673623885.213241
1673623885.223941
1673623885.234509
1673623885.245467
1673623885.264697
1673623885.276004
1673623885.286711
1673623885.297142
1673623885.307528
1673623885.318058
1673623885.329638
1673623885.340139
1673623885.350695
1673623885.361115
1673623885.371753
1673623885.382536
1673623885.393464
1673623885.404022
1673623885.415093
1673623885.425900
1673623885.436387
1673623885.447434
1673623885.458925
1673623885.469481
1673623885.480272
1673623885.491340
1673623885.502052
1673623885.512711
1673623885.524643
1673623885.535325
1673623885.545856
1673623885.557787
1673623885.568369
1673623885.579196
1673623885.591109
1673623885.601634
1673623885.612445
1673623885.624273
1673623885.634781
1673623885.645296
1673623885.658132
1673623885.668828
1673623885.679136
1673623885.691772
1673623885.702848
1673623885.724044
1673623885.734579
1673623885.745439
1673623885.757805
1673623885.768911
1673623885.779824
1673623885.791553
1673623885.808700
1673623885.819242
1673623885.830091
1673623885.842196
1673623885.853067
1673623885.874888
1673623885.885465
1673623885.896240
1673623885.906989
1673623885.917592
1673623885.928115
1673623885.940358
1673623885.951252
1673623885.962371
1673623885.973825
1673623885.990563
1673623886.001357
1673623886.012359
1673623886.023904
1673623886.034563
1673623886.045422
1673623886.057861
1673623886.074339
1673623886.085030
1673623886.095992
1673623886.107915
1673623886.118646
1673623886.130057
1673623886.141276
1673623886.151909
1673623886.162885
1673623886.174527
1673623886.185174
1673623886.196437
1673623886.207657
1673623886.218497
1673623886.229186
1673623886.240963
1673623886.251617
1673623886.263008
1673623886.274652
1673623886.285223
1673623886.295505
1673623886.308467
1673623886.319012
1673623886.330269
1673623886.341231
1673623886.351786
1673623886.362744
1673623886.374066
1673623886.384797
1673623886.395759
1673623886.407474
1673623886.418016
1673623886.429130
1673623886.440926
1673623886.451717
1673623886.462645
1673623886.474107
1673623886.484729
1673623886.495829
1673623886.506678
1673623886.517556
1673623886.528793
1673623886.540060
1673623886.550642
1673623886.561311
1673623886.573453
1673623886.584018
1673623886.595094
1673623886.609704
1673623886.620353
1673623886.631541
1673623886.648314
1673623886.659301
1673623886.670028
1673623886.681580
1673623886.693022
1673623886.704190
1673623886.715350
1673623886.726629
1673623886.737473
1673623886.748521
1673623886.759689
1673623886.770960
1673623886.782416
1673623886.793585
1673623886.804274
1673623886.814791
1673623886.826366
1673623886.837691
1673623886.848756
1673623886.859837
1673623886.870720
1673623886.882011
1673623886.893326
1673623886.904027
1673623886.914467
1673623886.927136
1673623886.937870
1673623886.948665
1673623886.959692
1673623886.970231
1673623886.981037
1673623886.992028
1673623887.002591
1673623887.013475
1673623887.024569
1673623887.035469
1673623887.046123
1673623887.056942
1673623887.067573
1673623887.078243
1673623887.088917
1673623887.099687
1673623887.111553
1673623887.122459
1673623887.133109
1673623887.144203
1673623887.155660
1673623887.166224
1673623887.177353
1673623887.187918
1673623887.199459
1673623887.211942
1673623887.224991
1673623887.235573
1673623887.246999
1673623887.258915
1673623887.269496
1673623887.280514
1673623887.292360
1673623887.302953
1673623887.314199
1673623887.326065
1673623887.337156
1673623887.348083
1673623887.365314
1673623887.376718
1673623887.387589
1673623887.398197
1673623887.409338
1673623887.420946
1673623887.432324
1673623887.443680
1673623887.454435
1673623887.465972
1673623887.476612
1673623887.487398
1673623887.498638
1673623887.510174
1673623887.520698
1673623887.531575
1673623887.542050
1673623887.553246
1673623887.564126
1673623887.575098
1673623887.586539
1673623887.597138
1673623887.608254
1673623887.618897
1673623887.630472
1673623887.641160
1673623887.651796
1673623887.662075
1673623887.674291
1673623887.684868
1673623887.695711
1673623887.707420
1673623887.718199
1673623887.729146
1673623887.740860
1673623887.751697
1673623887.762607
1673623887.773981
1673623887.784677
1673623887.795075
1673623887.807860
1673623887.818835
1673623887.829694
1673623887.842096
1673623887.853236
1673623887.863732
1673623887.874467
1673623887.885205
1673623887.896108
1673623887.907968
1673623887.919166
1673623887.930714
1673623887.942934
1673623887.953953
1673623887.965443
1673623887.977351
1673623887.988062
1673623887.998701
1673623888.009186
1673623888.020072
1673623888.031430
1673623888.042549
1673623888.053228
1673623888.064277
1673623888.075559
1673623888.086160
1673623888.097537
1673623888.108755
1673623888.119454
1673623888.130368
1673623888.141831
1673623888.152598
1673623888.162935
1673623888.174219
1673623888.185229
1673623888.195898
1673623888.208504
1673623888.219853
1673623888.232561
1673623888.243334
1673623888.253930
1673623888.264964
1673623888.276389
1673623888.286938
1673623888.298290
1673623888.314019
1673623888.325070
1673623888.335682
1673623888.346284
1673623888.357361
1673623888.368102
1673623888.379478
1673623888.390794
1673623888.401689
1673623888.413107
1673623888.424159
1673623888.434844
1673623888.445857
1673623888.457359
1673623888.468063
1673623888.479418
1673623888.491802
1673623888.502540
1673623888.513210
1673623888.524058
1673623888.535022
1673623888.545511
1673623888.556385
1673623888.567063
1673623888.577996
1673623888.588523
1673623888.599399
1673623888.610472
1673623888.621215
1673623888.632351
1673623888.646589
1673623888.658798
1673623888.669478
1673623888.680650
1673623888.691875
1673623888.702869
1673623888.713913
1673623888.724320
1673623888.735245
1673623888.746305
1673623888.757577
1673623888.768215
1673623888.779516
1673623888.790292
1673623888.800968
1673623888.811888
1673623888.823438
1673623888.834295
1673623888.845216
1673623888.857536
1673623888.868547
1673623888.879650
1673623888.892859
1673623888.903471
1673623888.915136
1673623888.925564
1673623888.936352
1673623888.947443
1673623888.959359
1673623888.970016
1673623888.980746
1673623888.992930
1673623889.003718
1673623889.015016
1673623889.025871
1673623889.036487
1673623889.048182
1673623889.059202
1673623889.069856
1673623889.081345
1673623889.093282
1673623889.104845
1673623889.115721
1673623889.126764
1673623889.137381
1673623889.148695
1673623889.159878
1673623889.170668
1673623889.181414
1673623889.192479
1673623889.203056
1673623889.214978
1673623889.225992
1673623889.236635
1673623889.247664
1673623889.259008
1673623889.269746
1673623889.280226
1673623889.291899
1673623889.302843
1673623889.313986
1673623889.324495
1673623889.335784
1673623889.347158
1673623889.358600
1673623889.369368
1673623889.380234
1673623889.391731
1673623889.402419
1673623889.413388
1673623889.425867
1673623889.437531
1673623889.448116
1673623889.458806
1673623889.470910
1673623889.482812
1673623889.494217
1673623889.504958
1673623889.516034
1673623889.530900
1673623889.542745
1673623889.553345
1673623889.564208
1673623889.576173
1673623889.586863
1673623889.597973
1673623889.609957
1673623889.620584
1673623889.631053
1673623889.643221
1673623889.653810
1673623889.665086
1673623889.676394
1673623889.687202
1673623889.698426
1673623889.709320
1673623889.720041
1673623889.731502
1673623889.742783
1673623889.753429
1673623889.764890
1673623889.776048
1673623889.786755
1673623889.798000
1673623889.808669
1673623889.819542
1673623889.831265
1673623889.841768
1673623889.852688
1673623889.863597
1673623889.875045
1673623889.885705
1673623889.896956
1673623889.907411
1673623889.918240
1673623889.929128
1673623889.940648
1673623889.951416
1673623889.962526
1673623889.974186
1673623889.985000
1673623889.995867
1673623890.011889
1673623890.027257
1673623890.043977
1673623890.060752
1673623890.076614
1673623890.087229
1673623890.098346
1673623890.110084
1673623890.120758
1673623890.131476
1673623890.143809
1673623890.154672
1673623890.165289
1673623890.176187
1673623890.186888
1673623890.197932
1673623890.209359
1673623890.220256
1673623890.231338
1673623890.242919
1673623890.253683
1673623890.264763
1673623890.276851
1673623890.288314
1673623890.299258
1673623890.310731
1673623890.321344
1673623890.332773
1673623890.344194
1673623890.355372
1673623890.366492
1673623890.377761
1673623890.392771
1673623890.403367
1673623890.414498
1673623890.429705
1673623890.445059
1673623890.460965
1673623890.477994
1673623890.495096
1673623890.510533
1673623890.521181
1673623890.532463
1673623890.544395
1673623890.559032
1673623890.569740
1673623890.580854
1673623890.592270
1673623890.603132
1673623890.613926
1673623890.625142
1673623890.635973
1673623890.647412
1673623890.658460
1673623890.669221
1673623890.679992
1673623890.691806
1673623890.702634
1673623890.713998
1673623890.725113
1673623890.735982
1673623890.747180
1673623890.759573
1673623890.770364
1673623890.781531
1673623890.792687
1673623890.803414
1673623890.814803
1673623890.826152
1673623890.836884
1673623890.847985
1673623890.859336
1673623890.869965
1673623890.881208
1673623890.891802
1673623890.902622
1673623890.913875
1673623890.925236
1673623890.936398
1673623890.947290
1673623890.958522
1673623890.969745
1673623890.982431
1673623890.993155
1673623891.008189
1673623891.018852
1673623891.030320
1673623891.041185
1673623891.051901
1673623891.063676
1673623891.075748
1673623891.086447
1673623891.097412
1673623891.108677
1673623891.119624
1673623891.130952
1673623891.142078
1673623891.152812
1673623891.164121
1673623891.175514
1673623891.186239
1673623891.197093
1673623891.208853
1673623891.219626
1673623891.230405
1673623891.242404
1673623891.253066
1673623891.263703
1673623891.275585
1673623891.286361
1673623891.296956
1673623891.308883
1673623891.319513
1673623891.330514
1673623891.347387
1673623891.359363
1673623891.370194
1673623891.381054
1673623891.392642
1673623891.403399
1673623891.414551
1673623891.426289
1673623891.436945
1673623891.447933
1673623891.459377
1673623891.469981
1673623891.481291
1673623891.492676
1673623891.503831
1673623891.515535
1673623891.526081
1673623891.536825
1673623891.547856
1673623891.559465
1673623891.570254
1673623891.581234
1673623891.592657
1673623891.603306
1673623891.613808
1673623891.631311
1673623891.644110
1673623891.659944
1673623891.670787
1673623891.681649
1673623891.693087
1673623891.703748
1673623891.714222
1673623891.726695
1673623891.737528
1673623891.748385
1673623891.760010
1673623891.770814
1673623891.781474
1673623891.797897
1673623891.809649
1673623891.821024
1673623891.832582
1673623891.843801
1673623891.854470
1673623891.865299
1673623891.876004
1673623891.886700
1673623891.897605
1673623891.910982
1673623891.921578
1673623891.932971
1673623891.944887
1673623891.959863
1673623891.976593
1673623891.987272
1673623891.998256
1673623892.009893
1673623892.020485
1673623892.031284
1673623892.042291
1673623892.052881
1673623892.076532
1673623892.092181
1673623892.103115
1673623892.126124
1673623892.136818
1673623892.147468
1673623892.159874
1673623892.171084
1673623892.182315
1673623892.194381
1673623892.214550
1673623892.229200
1673623892.244349
1673623892.259969
1673623892.270852
1673623892.281783
1673623892.293763
1673623892.304544
1673623892.315899
1673623892.327235
1673623892.337885
1673623892.348871
1673623892.360563
1673623892.371183
1673623892.381653
1673623892.393179
1673623892.403879
1673623892.415153
1673623892.427209
1673623892.438311
1673623892.449513
1673623892.460034
1673623892.470717
1673623892.482041
1673623892.493165
1673623892.503807
1673623892.515168
1673623892.527911
1673623892.538522
1673623892.549518
1673623892.561044
1673623892.577755
1673623892.595013
1673623892.611133
1673623892.628097
1673623892.644318
1673623892.660746
1673623892.671408
1673623892.682353
1673623892.694704
1673623892.711028
1673623892.727824
1673623892.744272
1673623892.759476
1673623892.770105
1673623892.781124
1673623892.792775
1673623892.803402
1673623892.826051
1673623892.836996
1673623892.847880
1673623892.859256
1673623892.869808
1673623892.881024
1673623892.892636
1673623892.909162
1673623892.919834
1673623892.931451
1673623892.942689
1673623892.953323
1673623892.975585
1673623892.986353
1673623892.997238
1673623893.008628
1673623893.019175
1673623893.029936
1673623893.047338
1673623893.057911
1673623893.068444
1673623893.079146
1673623893.089828
1673623893.100382
1673623893.111358
1673623893.122649
1673623893.133318
1673623893.144633
1673623893.155870
1673623893.166450
1673623893.177447
1673623893.188690
1673623893.199771
1673623893.210482
1673623893.220956
1673623893.231391
1673623893.242759
1673623893.253368
1673623893.263861
1673623893.275187
1673623893.285903
1673623893.296852
1673623893.307425
1673623893.317993
1673623893.330610
1673623893.346939
1673623893.358378
1673623893.369248
1673623893.380282
1673623893.391655
1673623893.402242
1673623893.412986
1673623893.425602
1673623893.436190
1673623893.447495
1673623893.458855
1673623893.469468
1673623893.480811
1673623893.491212
1673623893.502122
1673623893.512850
1673623893.525217
1673623893.541067
1673623893.552109
1673623893.563281
1673623893.575427
1673623893.586176
1673623893.596865
1673623893.608912
1673623893.619456
1673623893.630969
1673623893.642362
1673623893.652972
1673623893.663373
1673623893.675336
1673623893.692372
1673623893.702974
1673623893.714032
1673623893.726142
1673623893.736754
1673623893.747236
1673623893.759057
1673623893.770007
1673623893.780982
1673623893.792161
1673623893.802781
1673623893.813350
1673623893.825508
1673623893.847314
1673623893.860841
1673623893.876759
1673623893.887317
1673623893.909435
1673623893.920507
1673623893.931331
1673623893.943034
1673623893.953626
1673623893.965127
1673623893.976271
1673623893.993067
1673623894.003682
1673623894.014885
1673623894.026575
1673623894.037143
1673623894.047582
1673623894.060923
1673623894.071644
1673623894.082834
1673623894.093640
1673623894.104757
1673623894.116079
1673623894.130221
1673623894.144919
1673623894.160403
1673623894.177291
1673623894.187904
1673623894.199245
1673623894.210581
1673623894.221131
1673623894.232152
1673623894.244635
1673623894.261234
1673623894.278740
1673623894.295114
1673623894.310596
1673623894.327863
1673623894.345181
1673623894.360181
1673623894.370902
1673623894.381694
1673623894.393899
1673623894.404475
1673623894.416098
1673623894.432064
1673623894.444880
1673623894.460988
1673623894.478259
1673623894.493758
1673623894.510141
1673623894.521090
1673623894.545505
1673623894.561241
1673623894.577480
1673623894.594026
1673623894.611840
1673623894.627202
1673623894.644431
1673623894.660306
1673623894.670937
1673623894.681873
1673623894.694795
1673623894.712477
1673623894.728855
1673623894.745656
1673623894.762679
1673623894.778686
1673623894.794977
1673623894.811694
1673623894.829169
1673623894.845264
1673623894.862982
1673623894.878452
1673623894.894971
1673623894.912968
1673623894.928689
1673623894.945431
1673623894.964858
1673623894.980639
1673623894.996780
1673623895.013727
1673623895.030117
1673623895.046587
1673623895.063931
1673623895.080402
1673623895.097325
1673623895.112147
1673623895.129569
1673623895.146493
1673623895.159892
1673623895.170489
1673623895.181438
1673623895.193433
1673623895.204706
1673623895.215745
1673623895.226232
1673623895.237930
1673623895.249510
1673623895.260550
1673623895.277759
1673623895.294435
1673623895.310685
1673623895.326851
1673623895.337838
1673623895.350044
1673623895.360963
1673623895.371593
1673623895.383060
1673623895.394350
1673623895.410162
1673623895.421386
1673623895.432918
1673623895.448600
1673623895.460230
1673623895.471540
1673623895.483037
1673623895.493937
1673623895.509861
1673623895.520438
1673623895.531756
1673623895.543256
1673623895.553794
1673623895.564967
1673623895.576934
1673623895.588062
1673623895.599081
1673623895.610558
1673623895.626366
1673623895.637304
1673623895.648347
1673623895.660608
1673623895.677362
1673623895.694086
1673623895.710783
1673623895.727669
1673623895.747277
1673623895.762699
1673623895.778543
1673623895.795342
1673623895.813439
1673623895.829702
1673623895.847003
1673623895.863083
1673623895.879274
1673623895.895836
1673623895.912808
1673623895.928941
1673623895.945322
1673623895.962706
1673623895.979219
1673623895.995194
1673623896.012995
1673623896.030973
1673623896.047782
1673623896.064595
1673623896.077095
1673623896.093763
1673623896.110883
1673623896.126599
1673623896.137211
1673623896.148561
1673623896.159452
1673623896.170092
1673623896.180825
1673623896.193222
1673623896.204071
1673623896.214702
1673623896.226393
1673623896.236984
1673623896.249484
1673623896.260370
1673623896.271563
1673623896.282634
1673623896.295098
1673623896.310807
1673623896.326527
1673623896.337193
1673623896.348649
1673623896.361502
1673623896.377951
1673623896.394270
1673623896.410953
1673623896.428205
1673623896.445542
1673623896.461562
1673623896.478350
1673623896.495282
1673623896.513944
1673623896.527851
1673623896.546515
1673623896.563087
1673623896.579700
1673623896.596877
1673623896.613589
1673623896.630123
1673623896.647291
1673623896.663161
1673623896.680032
1673623896.697492
1673623896.714143
1673623896.730415
1673623896.748469
1673623896.764104
1673623896.780707
1673623896.796934
1673623896.812925
1673623896.830180
1673623896.846461
1673623896.862781
1673623896.880867
1673623896.896307
1673623896.913487
1673623896.930295
1673623896.946685
1673623896.959323
1673623896.970064
1673623896.981240
1673623896.992520
1673623897.003032
1673623897.014687
1673623897.026254
1673623897.037091
1673623897.047789
1673623897.060008
1673623897.071256
1673623897.082498
1673623897.093772
1673623897.104326
1673623897.114801
1673623897.125988
1673623897.136773
1673623897.148057
1673623897.159320
1673623897.169865
1673623897.181403
1673623897.192631
1673623897.203246
1673623897.214082
1673623897.230475
1673623897.244813
1673623897.261420
1673623897.278675
1673623897.293794
1673623897.304442
1673623897.315281
1673623897.327696
1673623897.338623
1673623897.349500
1673623897.359913
1673623897.370903
1673623897.381845
1673623897.393209
1673623897.403886
1673623897.414801
1673623897.426552
1673623897.437164
1673623897.448219
1673623897.459795
1673623897.470505
1673623897.481640
1673623897.493660
1673623897.505751
1673623897.516280
1673623897.528534
1673623897.545235
1673623897.561742
1673623897.578736
1673623897.595393
1673623897.612042
1673623897.628578
1673623897.645027
1673623897.662543
1673623897.678724
1673623897.695733
1673623897.712628
1673623897.728645
1673623897.745456
1673623897.762439
1673623897.778667
1673623897.797276
1673623897.813138
1673623897.829606
1673623897.846354
1673623897.863643
1673623897.880486
1673623897.896334
1673623897.912687
1673623897.929646
1673623897.946275
1673623897.962802
1673623897.979739
1673623897.996295
1673623898.013792
1673623898.029859
1673623898.046122
1673623898.063322
1673623898.081165
1673623898.097319
1673623898.113945
1673623898.130327
1673623898.146897
1673623898.163450
1673623898.181124
1673623898.197942
1673623898.214163
1673623898.230650
1673623898.247494
1673623898.263940
1673623898.279903
1673623898.297126
1673623898.313840
1673623898.330192
1673623898.347383
1673623898.363976
1673623898.380057
1673623898.397046
1673623898.413417
1673623898.429767
1673623898.447487
1673623898.463911
1673623898.478609
1673623898.495219
1673623898.512041
1673623898.529156
1673623898.545316
1673623898.561649
1673623898.579119
1673623898.594979
1673623898.611862
1673623898.628183
1673623898.645022
1673623898.661602
1673623898.677888
1673623898.695195
1673623898.711947
1673623898.729415
1673623898.748185
1673623898.762939
1673623898.779665
1673623898.796387
1673623898.812978
1673623898.830269
1673623898.846274
1673623898.863566
1673623898.879857
1673623898.896071
1673623898.913020
